

<<START>>,<<FMS_ENTITY_REQ_DTL>>,,,, 	(21-FEB-2025 15:01:15)
 
COMPANY_CD,CD,ABBR,SEQ,ENTITY,TIMESTAMP
2 , 1 , RIL , 1,C, 	(21-FEB-2025 15:01:15)	 (Not Inserted)
2 , 2 , MGL , 1,C, 	(21-FEB-2025 15:01:15)	 (Not Inserted)
2 , 3 , GSPCL , 1,C, 	(21-FEB-2025 15:01:15)	 (Not Inserted)
2 , 4 , Gail , 1,C, 	(21-FEB-2025 15:01:15)	 (Not Inserted)
2 , 4 , Gail , 2,R, 	(21-FEB-2025 15:01:15)	 (Not Inserted)
2 ,  , BPL , 1,C, 	(21-FEB-2025 15:01:15)	 (Not Inserted)
2 ,  , EPL , 1,C, 	(21-FEB-2025 15:01:15)	 (Not Inserted)
2 , 217 , ESL , 1,C, 	(21-FEB-2025 15:01:15)	 (Not Inserted)
2 , 5 , NTPC , 1,C, 	(21-FEB-2025 15:01:15)	 (Not Inserted)
2 , 6 , KRIBHCO , 1,C, 	(21-FEB-2025 15:01:15)	 (Not Inserted)
2 , 7 , DFPCL , 1,C, 	(21-FEB-2025 15:01:15)	 (Not Inserted)
2 , 8 , AIGL , 1,C, 	(21-FEB-2025 15:01:15)	 (Not Inserted)
2 , 218 , ESEZ , 1,C, 	(21-FEB-2025 15:01:15)	 (Not Inserted)
2 ,  , KSFL , 1,C, 	(21-FEB-2025 15:01:15)	 (Not Inserted)
2 , 242 , MAHAGENCO , 1,C, 	(21-FEB-2025 15:01:15)	 (Not Inserted)
2 , 249 , NPL , 1,C, 	(21-FEB-2025 15:01:15)	 (Not Inserted)
2 , 9 , SIGIL , 1,C, 	(21-FEB-2025 15:01:15)	 (Not Inserted)
2 , 225 , VIL , 1,C, 	(21-FEB-2025 15:01:15)	 (Not Inserted)
2 ,  , VSIL , 1,C, 	(21-FEB-2025 15:01:15)	 (Not Inserted)
2 , 10 , GGCL , 1,C, 	(21-FEB-2025 15:01:15)	 (Not Inserted)
2 , 11 , TPL , 1,C, 	(21-FEB-2025 15:01:15)	 (Not Inserted)
2 , 280 , WMSL , 1,C, 	(21-FEB-2025 15:01:15)	 (Not Inserted)
2 , 12 , MNGL , 1,C, 	(21-FEB-2025 15:01:15)	 (Not Inserted)
2 , 13 , IGL , 1,C, 	(21-FEB-2025 15:01:15)	 (Not Inserted)
2 , 14 , BPCL , 1,C, 	(21-FEB-2025 15:01:15)	 (Not Inserted)
2 , 14 , BPCL , 2,T, 	(21-FEB-2025 15:01:15)	 (Not Inserted)
2 , 269 , TEL , 1,C, 	(21-FEB-2025 15:01:15)	 (Not Inserted)
2 , 15 , HPCL , 1,C, 	(21-FEB-2025 15:01:15)	 (Not Inserted)
2 , 15 , HPCL , 2,T, 	(21-FEB-2025 15:01:15)	 (Not Inserted)
2 , 16 , JSW , 1,C, 	(21-FEB-2025 15:01:15)	 (Not Inserted)
2 , 17 , BGL , 1,C, 	(21-FEB-2025 15:01:15)	 (Not Inserted)
2 , 18 , GSFC , 1,C, 	(21-FEB-2025 15:01:15)	 (Not Inserted)
2 , 228 , H-Energy , 1,C, 	(21-FEB-2025 15:01:15)	 (Not Inserted)
2 , 160 , SIMPL , 1,C, 	(21-FEB-2025 15:01:15)	 (Not Inserted)
2 , 19 , ATGL , 1,C, 	(21-FEB-2025 15:01:15)	 (Not Inserted)
2 , 20 , AMNS , 1,C, 	(21-FEB-2025 15:01:15)	 (Not Inserted)
2 , 20 , AMNS , 2,T, 	(21-FEB-2025 15:01:15)	 (Not Inserted)
2 ,  , SEMTPL , 1,C, 	(21-FEB-2025 15:01:15)	 (Not Inserted)
2 ,  , SEMTPL , 2,T, 	(21-FEB-2025 15:01:15)	 (Not Inserted)
2 , 21 , SGIPL , 1,C, 	(21-FEB-2025 15:01:15)	 (Not Inserted)
2 , 22 , VGL , 1,C, 	(21-FEB-2025 15:01:15)	 (Not Inserted)
2 , 23 , PGPGPL , 1,C, 	(21-FEB-2025 15:01:15)	 (Not Inserted)
2 , 24 , HCG , 1,C, 	(21-FEB-2025 15:01:15)	 (Not Inserted)
2 , 25 , GGL , 1,C, 	(21-FEB-2025 15:01:15)	 (Not Inserted)
2 , 26 , CFC , 1,C, 	(21-FEB-2025 15:01:15)	 (Not Inserted)
2 , 27 , IFFCO , 1,C, 	(21-FEB-2025 15:01:15)	 (Not Inserted)
2 , 28 , HGL-RLNG , 1,C, 	(21-FEB-2025 15:01:15)	 (Not Inserted)
2 , 29 , PipeInfra , 1,C, 	(21-FEB-2025 15:01:15)	 (Not Inserted)
2 , 29 , PipeInfra , 2,R, 	(21-FEB-2025 15:01:15)	 (Not Inserted)
2 , 30 , NFL , 1,C, 	(21-FEB-2025 15:01:15)	 (Not Inserted)
2 , 31 , HSIL , 1,C, 	(21-FEB-2025 15:01:15)	 (Not Inserted)
2 ,  , VVF , 1,C, 	(21-FEB-2025 15:01:15)	 (Not Inserted)
2 , 32 , KFL , 1,C, 	(21-FEB-2025 15:01:15)	 (Not Inserted)
2 , 197 , BIL , 1,C, 	(21-FEB-2025 15:01:15)	 (Not Inserted)
2 , 254 , RIPL , 1,C, 	(21-FEB-2025 15:01:15)	 (Not Inserted)
2 , 207 , CP , 1,C, 	(21-FEB-2025 15:01:15)	 (Not Inserted)
2 ,  , HHFG DLNG , 1,C, 	(21-FEB-2025 15:01:15)	 (Not Inserted)
2 , 187 , VIDUWIL , 1,C, 	(21-FEB-2025 15:01:15)	 (Not Inserted)
2 , 33 , AGP CGD , 1,C, 	(21-FEB-2025 15:01:15)	 (Not Inserted)
2 , 34 , MINDA , 1,C, 	(21-FEB-2025 15:01:15)	 (Not Inserted)
2 , 238 , LEIPL , 1,C, 	(21-FEB-2025 15:01:15)	 (Not Inserted)
2 , 35 , SCHOTT , 1,C, 	(21-FEB-2025 15:01:15)	 (Not Inserted)
2 , 36 , HIL , 1,C, 	(21-FEB-2025 15:01:15)	 (Not Inserted)
2 , 37 , HCGD-B , 1,C, 	(21-FEB-2025 15:01:15)	 (Not Inserted)
2 , 198 , BIPL , 1,C, 	(21-FEB-2025 15:01:15)	 (Not Inserted)
2 , 220 , EXXARO , 1,C, 	(21-FEB-2025 15:01:15)	 (Not Inserted)
2 , 257 , STVPL , 1,C, 	(21-FEB-2025 15:01:15)	 (Not Inserted)
2 , 233 , JGPL , 1,C, 	(21-FEB-2025 15:01:15)	 (Not Inserted)
2 , 279 , WALLCERA , 1,C, 	(21-FEB-2025 15:01:15)	 (Not Inserted)
2 , 193 , ASTIS , 1,C, 	(21-FEB-2025 15:01:15)	 (Not Inserted)
2 , 109 , PROTON , 1,C, 	(21-FEB-2025 15:01:15)	 (Not Inserted)
2 , 192 , ANTIQUE , 1,C, 	(21-FEB-2025 15:01:15)	 (Not Inserted)
2 ,  , ACER , 1,C, 	(21-FEB-2025 15:01:15)	 (Not Inserted)
2 , 38 , KAJARIA , 1,C, 	(21-FEB-2025 15:01:15)	 (Not Inserted)
2 , 222 , GASGROWS , 1,C, 	(21-FEB-2025 15:01:15)	 (Not Inserted)
2 , 39 , SISECAM , 1,C, 	(21-FEB-2025 15:01:15)	 (Not Inserted)
2 , 40 , ATPL , 1,C, 	(21-FEB-2025 15:01:15)	 (Not Inserted)
2 , 41 , OPAL , 1,C, 	(21-FEB-2025 15:01:15)	 (Not Inserted)
2 , 234 , JKPAPER , 1,C, 	(21-FEB-2025 15:01:15)	 (Not Inserted)
2 , 263 , STL , 1,C, 	(21-FEB-2025 15:01:15)	 (Not Inserted)
2 , 273 , UEPL , 1,C, 	(21-FEB-2025 15:01:15)	 (Not Inserted)
2 , 206 , CELLO , 1,C, 	(21-FEB-2025 15:01:15)	 (Not Inserted)
2 , 204 , CALDERYS , 1,C, 	(21-FEB-2025 15:01:15)	 (Not Inserted)
2 , 42 , RCF , 1,C, 	(21-FEB-2025 15:01:15)	 (Not Inserted)
2 , 201 , BWRL , 1,C, 	(21-FEB-2025 15:01:15)	 (Not Inserted)
2 , 235 , KRYO , 1,C, 	(21-FEB-2025 15:01:15)	 (Not Inserted)
2 , 276 , VIRGO , 1,C, 	(21-FEB-2025 15:01:15)	 (Not Inserted)
2 , 196 , BLPL , 1,C, 	(21-FEB-2025 15:01:15)	 (Not Inserted)
2 , 223 , GIPSKARTON , 1,C, 	(21-FEB-2025 15:01:15)	 (Not Inserted)
2 , 270 , TGPL , 1,T, 	(21-FEB-2025 15:01:15)	 (Not Inserted)
2 , 116 , SELNG , 1,T, 	(21-FEB-2025 15:01:15)	 (Not Inserted)
2 , 256 , SITME , 1,T, 	(21-FEB-2025 15:01:15)	 (Not Inserted)
2 ,  , DT , 1,T, 	(21-FEB-2025 15:01:15)	 (Not Inserted)
2 , 268 , ThirdParty , 1,T, 	(21-FEB-2025 15:01:15)	 (Not Inserted)
2 , 152 , GUNSPL , 1,T, 	(21-FEB-2025 15:01:15)	 (Not Inserted)
2 , 1 , RIL , 2,T, 	(21-FEB-2025 15:01:15)	 (Not Inserted)
2 , 43 , BP , 1,T, 	(21-FEB-2025 15:01:15)	 (Not Inserted)
2 ,  , AMNS-T , 1,T, 	(21-FEB-2025 15:01:15)	 (Not Inserted)
2 , 1 , RIL , 2,T, 	(21-FEB-2025 15:01:15)	 (Not Inserted)
2 , 45 , GSPL , 1,C, 	(21-FEB-2025 15:01:15)	 (Not Inserted)
2 , 45 , GSPL , 2,R, 	(21-FEB-2025 15:01:15)	 (Not Inserted)
2 , 46 , TGLPL , 1,C, 	(21-FEB-2025 15:01:15)	 (Not Inserted)
2 , 47 , TGBPL , 1,C, 	(21-FEB-2025 15:01:15)	 (Not Inserted)
2 , 48 , BGEPL , 1,C, 	(21-FEB-2025 15:01:15)	 (Not Inserted)
2 , 231 , IMCL , 1,C, 	(21-FEB-2025 15:01:15)	 (Not Inserted)
2 , 49 , VVF India , 1,C, 	(21-FEB-2025 15:01:15)	 (Not Inserted)
2 , 50 , GNFC , 1,C, 	(21-FEB-2025 15:01:15)	 (Not Inserted)
2 , 140 , MEGHHQX , 1,C, 	(21-FEB-2025 15:01:15)	 (Not Inserted)
2 , 51 , ONGC , 1,T, 	(21-FEB-2025 15:01:15)	 (Not Inserted)
2 , 52 , GLIL , 1,C, 	(21-FEB-2025 15:01:15)	 (Not Inserted)
2 , 272 , UGEL , 1,C, 	(21-FEB-2025 15:01:15)	 (Not Inserted)
2 , 255 , SGI-AP , 1,C, 	(21-FEB-2025 15:01:15)	 (Not Inserted)
2 ,  , IGX , 1,C, 	(21-FEB-2025 15:01:15)	 (Not Inserted)
2 , 53 , RGPL , 1,C, 	(21-FEB-2025 15:01:15)	 (Not Inserted)
2 , 53 , RGPL , 2,R, 	(21-FEB-2025 15:01:15)	 (Not Inserted)
2 , 224 , GTIPL , 1,C, 	(21-FEB-2025 15:01:15)	 (Not Inserted)
2 ,  , GSPL-C , 1,C, 	(21-FEB-2025 15:01:15)	 (Not Inserted)
2 , 117 , PEPL , 1,C, 	(21-FEB-2025 15:01:15)	 (Not Inserted)
2 , 54 , GFCL , 1,C, 	(21-FEB-2025 15:01:15)	 (Not Inserted)
2 ,  , DERL , 1,T, 	(21-FEB-2025 15:01:15)	 (Not Inserted)
2 , 55 , CPL , 1,C, 	(21-FEB-2025 15:01:15)	 (Not Inserted)
2 , 56 , IRM , 1,C, 	(21-FEB-2025 15:01:15)	 (Not Inserted)
2 , 57 , PPL , 1,C, 	(21-FEB-2025 15:01:15)	 (Not Inserted)
2 , 58 , YARALTD , 1,C, 	(21-FEB-2025 15:01:15)	 (Not Inserted)
2 , 59 , INPEROX , 1,C, 	(21-FEB-2025 15:01:15)	 (Not Inserted)
2 , 60 , RAFECHL , 1,C, 	(21-FEB-2025 15:01:15)	 (Not Inserted)
2 , 124 , MGRPL , 1,C, 	(21-FEB-2025 15:01:15)	 (Not Inserted)
2 , 124 , MGRPL , 2,T, 	(21-FEB-2025 15:01:15)	 (Not Inserted)
2 , 208 , CNTENKA , 1,C, 	(21-FEB-2025 15:01:15)	 (Not Inserted)
2 , 61 , EFSPL , 1,C, 	(21-FEB-2025 15:01:15)	 (Not Inserted)
2 , 61 , EFSPL , 2,T, 	(21-FEB-2025 15:01:15)	 (Not Inserted)
2 , 158 , HINDURV , 1,C, 	(21-FEB-2025 15:01:15)	 (Not Inserted)
2 , 227 , HCGPUTE , 1,C, 	(21-FEB-2025 15:01:15)	 (Not Inserted)
2 , 63 , GOAGLSF , 1,C, 	(21-FEB-2025 15:01:15)	 (Not Inserted)
2 , 64 , IGSPL , 1,C, 	(21-FEB-2025 15:01:15)	 (Not Inserted)
2 , 64 , IGSPL , 2,T, 	(21-FEB-2025 15:01:16)	 (Not Inserted)
2 , 65 , PEFORCV , 1,C, 	(21-FEB-2025 15:01:16)	 (Not Inserted)
2 , 66 , BHEL , 1,C, 	(21-FEB-2025 15:01:16)	 (Not Inserted)
2 , 210 , COMFIND , 1,C, 	(21-FEB-2025 15:01:16)	 (Not Inserted)
2 , 67 , DCMSHRI , 1,C, 	(21-FEB-2025 15:01:16)	 (Not Inserted)
2 , 81 , HOECLTD , 1,C, 	(21-FEB-2025 15:01:16)	 (Not Inserted)
2 , 81 , HOECLTD , 2,T, 	(21-FEB-2025 15:01:16)	 (Not Inserted)
2 , 144 , HINAGIL , 1,C, 	(21-FEB-2025 15:01:16)	 (Not Inserted)
2 , 147 , HPOIGAS , 1,C, 	(21-FEB-2025 15:01:16)	 (Not Inserted)
2 , 86 , MANIKAR , 1,C, 	(21-FEB-2025 15:01:16)	 (Not Inserted)
2 , 166 , ESSAREX , 1,T, 	(21-FEB-2025 15:01:16)	 (Not Inserted)
2 , 92 , NEL , 1,C, 	(21-FEB-2025 15:01:16)	 (Not Inserted)
2 , 104 , TASTELI , 1,C, 	(21-FEB-2025 15:01:16)	 (Not Inserted)
2 , 105 , HMEL , 1,C, 	(21-FEB-2025 15:01:16)	 (Not Inserted)
2 , 211 , DIL , 1,T, 	(21-FEB-2025 15:01:16)	 (Not Inserted)
2 , 162 , BOROREN , 1,C, 	(21-FEB-2025 15:01:16)	 (Not Inserted)
2 , 151 , KINGASP , 1,C, 	(21-FEB-2025 15:01:16)	 (Not Inserted)
2 , 106 , RATNAGI , 1,C, 	(21-FEB-2025 15:01:16)	 (Not Inserted)
2 , 107 , IDOINVA , 1,C, 	(21-FEB-2025 15:01:16)	 (Not Inserted)
2 , 107 , IDOINVA , 1,C, 	(21-FEB-2025 15:01:16)	 (Not Inserted)
2 , 190 , AGPCGIN , 1,C, 	(21-FEB-2025 15:01:16)	 (Not Inserted)
2 , 176 , NESTLIN , 1,C, 	(21-FEB-2025 15:01:16)	 (Not Inserted)
2 , 110 , SITMEFZ , 1,T, 	(21-FEB-2025 15:01:16)	 (Not Inserted)
2 , 188 , VISHPRI , 1,C, 	(21-FEB-2025 15:01:16)	 (Not Inserted)
2 ,  , SOMANY , 1,C, 	(21-FEB-2025 15:01:16)	 (Not Inserted)
2 , 202 , BHOGATD , 1,C, 	(21-FEB-2025 15:01:16)	 (Not Inserted)
2 , 186 , VEDALTD , 1,C, 	(21-FEB-2025 15:01:16)	 (Not Inserted)
2 , 186 , VEDALTD , 2,T, 	(21-FEB-2025 15:01:16)	 (Not Inserted)
2 , 277 , VIGASLD , 1,C, 	(21-FEB-2025 15:01:16)	 (Not Inserted)
2 , 167 , GOLDPFG , 1,C, 	(21-FEB-2025 15:01:16)	 (Not Inserted)
2 , 159 , CAIRENH , 1,T, 	(21-FEB-2025 15:01:16)	 (Not Inserted)
2 , 168 , GSIGLIM , 1,R, 	(21-FEB-2025 15:01:16)	 (Not Inserted)
2 , 122 , GAILGAS , 1,C, 	(21-FEB-2025 15:01:16)	 (Not Inserted)
2 , 174 , KUTCHCL , 1,C, 	(21-FEB-2025 15:01:16)	 (Not Inserted)
2 , 278 , SEMTEXP , 1,C, 	(21-FEB-2025 15:01:16)	 (Not Inserted)
2 , 278 , SEMTEXP , 2,T, 	(21-FEB-2025 15:01:16)	 (Not Inserted)
2 , 181 , SANENER , 1,C, 	(21-FEB-2025 15:01:16)	 (Not Inserted)
2 , 181 , SANENER , 2,T, 	(21-FEB-2025 15:01:16)	 (Not Inserted)
2 , 183 , SUMGLAS , 1,C, 	(21-FEB-2025 15:01:16)	 (Not Inserted)
2 , 184 , SVTPLIN , 1,C, 	(21-FEB-2025 15:01:16)	 (Not Inserted)
2 , 112 , SPSSETL1 , 1,T, 	(21-FEB-2025 15:01:16)	 (Not Inserted)
2 , 113 , SIETCO , 1,T, 	(21-FEB-2025 15:01:16)	 (Not Inserted)
2 , 123 , AVGL , 1,C, 	(21-FEB-2025 15:01:16)	 (Not Inserted)
2 , 121 , NGPL , 1,C, 	(21-FEB-2025 15:01:16)	 (Not Inserted)
2 , 115 , SILS , 1,T, 	(21-FEB-2025 15:01:16)	 (Not Inserted)
2 , 114 , STASCO , 1,C, 	(21-FEB-2025 15:01:16)	 (Not Inserted)
2 , 114 , STASCO , 2,T, 	(21-FEB-2025 15:01:16)	 (Not Inserted)
2 , 119 , ROCKIND , 1,C, 	(21-FEB-2025 15:01:16)	 (Not Inserted)
2 , 118 , LANCOKO , 1,C, 	(21-FEB-2025 15:01:16)	 (Not Inserted)
2 , 130 , CRMNDEL , 1,C, 	(21-FEB-2025 15:01:16)	 (Not Inserted)
2 , 281 , SEIPLDY , 1,C, 	(21-FEB-2025 15:01:16)	 (Not Inserted)
2 , 134 , GSINLIM , 1,R, 	(21-FEB-2025 15:01:16)	 (Not Inserted)
2 ,  , JMB , 1,H, 	(21-FEB-2025 15:01:16)	 (Not Inserted)
2 ,  , BOXCO , 1,H, 	(21-FEB-2025 15:01:16)	 (Not Inserted)
2 , 265 , SLPL , 1,H, 	(21-FEB-2025 15:01:16)	 (Not Inserted)
2 , 265 , SLPL , 1,H, 	(21-FEB-2025 15:01:16)	 (Not Inserted)
2 , 232 , JBB , 1,V, 	(21-FEB-2025 15:01:16)	 (Not Inserted)
2 , 126 , SGSINDIA , 1,S, 	(21-FEB-2025 15:01:16)	 (Not Inserted)
2 , 232 , JBB , 1,S, 	(21-FEB-2025 15:01:16)	 (Not Inserted)
2 , 264 , SSAPL , 1,S, 	(21-FEB-2025 15:01:16)	 (Not Inserted)

TOTAL DATA IN EXCEL : ,195,,,, 	(21-FEB-2025 15:01:16)
 

TOTAL DATA INSERTED : ,0,,,, 	(21-FEB-2025 15:01:16)
 

TOTAL SKIPPED DATA ,195,,,, 	(21-FEB-2025 15:01:16)
 
<<END>>,<<FMS_ENTITY_REQ_DTL>>,,,, 	(21-FEB-2025 15:01:16)
 

<<START>>,<<FMS_SECTOR_MST>>, 	(21-FEB-2025 15:01:16)
 
ABBR,,TIMESTAMP
RESELLERS,, 	(21-FEB-2025 15:01:16)	 (Not Inserted)
ELLECTRICAL/ ELECTRONICS,, 	(21-FEB-2025 15:01:16)	 (Not Inserted)
HEAVY MACHINES,, 	(21-FEB-2025 15:01:16)	 (Not Inserted)
LIGHT MACHINES,, 	(21-FEB-2025 15:01:16)	 (Not Inserted)
AIRCRAFTS,, 	(21-FEB-2025 15:01:16)	 (Not Inserted)
SHIPBUILD. & REPAIRS,, 	(21-FEB-2025 15:01:16)	 (Not Inserted)
TRUCKS&PASS VEHICALS,, 	(21-FEB-2025 15:01:16)	 (Not Inserted)
SCOOTERS ETC,, 	(21-FEB-2025 15:01:16)	 (Not Inserted)
HIGH PRESSURE VESSEL,, 	(21-FEB-2025 15:01:16)	 (Not Inserted)
MECH. MISCELLANEOUS,, 	(21-FEB-2025 15:01:16)	 (Not Inserted)
STRUCTURAL WORKS,, 	(21-FEB-2025 15:01:16)	 (Not Inserted)
IRON & STEEL PLANTS,, 	(21-FEB-2025 15:01:16)	 (Not Inserted)
IRON & STEEL REWORKS,, 	(21-FEB-2025 15:01:16)	 (Not Inserted)
ALUMINIUM,, 	(21-FEB-2025 15:01:16)	 (Not Inserted)
FOUNDRIES/CASTINGS,, 	(21-FEB-2025 15:01:16)	 (Not Inserted)
FERROUS ALLOYS,, 	(21-FEB-2025 15:01:16)	 (Not Inserted)
METAL. MISCELLANEOUS,, 	(21-FEB-2025 15:01:16)	 (Not Inserted)
CANDLE INDUSTRY,, 	(21-FEB-2025 15:01:16)	 (Not Inserted)
MATCHES,, 	(21-FEB-2025 15:01:16)	 (Not Inserted)
RUBBER TYRES & TUBES,, 	(21-FEB-2025 15:01:16)	 (Not Inserted)
PAPER PRODUCTS,, 	(21-FEB-2025 15:01:16)	 (Not Inserted)
INDU ABRASIVES,, 	(21-FEB-2025 15:01:16)	 (Not Inserted)
GLASS/CERAMICS ETC,, 	(21-FEB-2025 15:01:16)	 (Not Inserted)
PACKING MATERIALS,, 	(21-FEB-2025 15:01:16)	 (Not Inserted)
PLASTIC INDUSTRIES,, 	(21-FEB-2025 15:01:16)	 (Not Inserted)
LEATHER,, 	(21-FEB-2025 15:01:16)	 (Not Inserted)
PROCESSOR,, 	(21-FEB-2025 15:01:16)	 (Not Inserted)
TOBACCO PRODUCTS,, 	(21-FEB-2025 15:01:16)	 (Not Inserted)
INDUS. MISCELLANEOUS,, 	(21-FEB-2025 15:01:16)	 (Not Inserted)
COTTON MILLS HOSIERY,, 	(21-FEB-2025 15:01:16)	 (Not Inserted)
JUTE MILLS,, 	(21-FEB-2025 15:01:16)	 (Not Inserted)
SYN.FIBRE/RAYON MF,, 	(21-FEB-2025 15:01:16)	 (Not Inserted)
TEXTI. MISCELLANEOUS,, 	(21-FEB-2025 15:01:16)	 (Not Inserted)
PET.EXPLO&PROD,, 	(21-FEB-2025 15:01:16)	 (Not Inserted)
IRON ORE,, 	(21-FEB-2025 15:01:16)	 (Not Inserted)
COAL,, 	(21-FEB-2025 15:01:16)	 (Not Inserted)
BAUXITE,, 	(21-FEB-2025 15:01:16)	 (Not Inserted)
MANGANESE,, 	(21-FEB-2025 15:01:16)	 (Not Inserted)
STONE QUARRYING,, 	(21-FEB-2025 15:01:16)	 (Not Inserted)
MINING MISCELLANEOUS,, 	(21-FEB-2025 15:01:16)	 (Not Inserted)
POST & TELEGRAPHS,, 	(21-FEB-2025 15:01:16)	 (Not Inserted)
STATE ELEC. BOARDS,, 	(21-FEB-2025 15:01:16)	 (Not Inserted)
CATERING & HOTELS,, 	(21-FEB-2025 15:01:16)	 (Not Inserted)
UNIVERSITIES ETC,, 	(21-FEB-2025 15:01:16)	 (Not Inserted)
LAUNDRIES,, 	(21-FEB-2025 15:01:16)	 (Not Inserted)
REFINERIES,, 	(21-FEB-2025 15:01:16)	 (Not Inserted)
TPP-OIL,, 	(21-FEB-2025 15:01:16)	 (Not Inserted)
HYDEL POWER PLANTS,, 	(21-FEB-2025 15:01:16)	 (Not Inserted)
ATOMIC POWER PLANTS,, 	(21-FEB-2025 15:01:16)	 (Not Inserted)
GAS TURBINES,, 	(21-FEB-2025 15:01:16)	 (Not Inserted)
POWER MISCELLANEOUS,, 	(21-FEB-2025 15:01:16)	 (Not Inserted)
RAILWAYS,, 	(21-FEB-2025 15:01:16)	 (Not Inserted)
OTHER ROAD TRANSPORT,, 	(21-FEB-2025 15:01:16)	 (Not Inserted)
STATE ROAD TRANSPORT,, 	(21-FEB-2025 15:01:16)	 (Not Inserted)
SHIP. COASTAL,, 	(21-FEB-2025 15:01:16)	 (Not Inserted)
SHIP. INTERNATIONAL,, 	(21-FEB-2025 15:01:16)	 (Not Inserted)
INLAND WATERWAYS,, 	(21-FEB-2025 15:01:16)	 (Not Inserted)
OTHERS (PORT TRUST),, 	(21-FEB-2025 15:01:16)	 (Not Inserted)
DOMESTIC DIST.,, 	(21-FEB-2025 15:01:16)	 (Not Inserted)
INDUSTRIAL DIST.,, 	(21-FEB-2025 15:01:16)	 (Not Inserted)
OWN CONSUMPTION,, 	(21-FEB-2025 15:01:16)	 (Not Inserted)
PARALLEL MARKETERS,, 	(21-FEB-2025 15:01:16)	 (Not Inserted)
TEA PLANTATION,, 	(21-FEB-2025 15:01:16)	 (Not Inserted)
RUBBER/COFFEE ETC,, 	(21-FEB-2025 15:01:16)	 (Not Inserted)
FORESTRY&TIMBER,, 	(21-FEB-2025 15:01:16)	 (Not Inserted)
AGRI.CROPS/ORCHARD,, 	(21-FEB-2025 15:01:16)	 (Not Inserted)
SUGAR MILLS,, 	(21-FEB-2025 15:01:16)	 (Not Inserted)
FLOUR MILLS ETC,, 	(21-FEB-2025 15:01:16)	 (Not Inserted)
VEG. OIL MILLS,, 	(21-FEB-2025 15:01:16)	 (Not Inserted)
FOOD PROCESSING,, 	(21-FEB-2025 15:01:16)	 (Not Inserted)
DAIRIES&MILK PROC,, 	(21-FEB-2025 15:01:16)	 (Not Inserted)
FISHERIES,, 	(21-FEB-2025 15:01:16)	 (Not Inserted)
AGRI. MISCELLANEOUS,, 	(21-FEB-2025 15:01:16)	 (Not Inserted)
DOMESTIC AIRLINES,, 	(21-FEB-2025 15:01:16)	 (Not Inserted)
FOREIGN AIRLINES,, 	(21-FEB-2025 15:01:16)	 (Not Inserted)
DAIRIES&MILK PROC,, 	(21-FEB-2025 15:01:16)	 (Not Inserted)
FERTILISER-GAS BASED,, 	(21-FEB-2025 15:01:16)	 (Not Inserted)
CAUSTIC SODA ETC.,, 	(21-FEB-2025 15:01:16)	 (Not Inserted)
HEAVY ACIDS,, 	(21-FEB-2025 15:01:16)	 (Not Inserted)
OTHER INORG.CHEM,, 	(21-FEB-2025 15:01:16)	 (Not Inserted)
PETRO-CHEM OTHERS,, 	(21-FEB-2025 15:01:16)	 (Not Inserted)
PETROCHEM -GAS BASED,, 	(21-FEB-2025 15:01:16)	 (Not Inserted)
DYES & DYE STUFFS,, 	(21-FEB-2025 15:01:16)	 (Not Inserted)
SYNTHETIC RUBBER,, 	(21-FEB-2025 15:01:16)	 (Not Inserted)
PESTI./AGRO CHEM,, 	(21-FEB-2025 15:01:16)	 (Not Inserted)
OTHER ORG.CHEMICAL,, 	(21-FEB-2025 15:01:16)	 (Not Inserted)
DRUGS&PHARMACEUTICAL,, 	(21-FEB-2025 15:01:16)	 (Not Inserted)
PAINTS ETC,, 	(21-FEB-2025 15:01:16)	 (Not Inserted)
INDU EXPLOSIVE,, 	(21-FEB-2025 15:01:16)	 (Not Inserted)
CALCINATION PLANTS,, 	(21-FEB-2025 15:01:16)	 (Not Inserted)
SOAPS ETC,, 	(21-FEB-2025 15:01:16)	 (Not Inserted)
MISC CHEM INDU,, 	(21-FEB-2025 15:01:16)	 (Not Inserted)
CEMENT/BUILD MAT,, 	(21-FEB-2025 15:01:16)	 (Not Inserted)
BITUMEN/BUILD.MAT,, 	(21-FEB-2025 15:01:16)	 (Not Inserted)
CIVIL MISCELLANEOUS,, 	(21-FEB-2025 15:01:16)	 (Not Inserted)
CITY OR LOCAL NATURAL GAS DISTRIBUTION,, 	(21-FEB-2025 15:01:16)	 (Not Inserted)
LDC,, 	(21-FEB-2025 15:01:16)	 (Not Inserted)

TOTAL DATA IN EXCEL : ,97, 	(21-FEB-2025 15:01:16)
 

TOTAL DATA INSERTED : ,0, 	(21-FEB-2025 15:01:16)
 

TOTAL SKIPPED DATA ,97, 	(21-FEB-2025 15:01:16)
 
<<END>>,<<FMS_SECTOR_MST>>, 	(21-FEB-2025 15:01:16)
 

<<START>>,<<FMS_SECTOR_DTL>>, 	(21-FEB-2025 15:01:16)
 
ABBR,,TIMESTAMP

TOTAL DATA IN EXCEL : ,97, 	(21-FEB-2025 15:01:16)
 

TOTAL DATA INSERTED : ,0, 	(21-FEB-2025 15:01:16)
 

TOTAL SKIPPED DATA ,0, 	(21-FEB-2025 15:01:16)
 
<<END>>,<<FMS_SECTOR_DTL>>, 	(21-FEB-2025 15:01:16)
 

<<START>>,<<FMS_ENTITY_ADDR_MST>>,,,,, 	(21-FEB-2025 15:01:16)
 
COMPANY_CD,CD,ABBR,ADDR_TYPE,ENTITY,EFF_DT,TIMESTAMP
2 , 1 , RIL , B , C , 14/09/2008 00:00:00, 	(21-FEB-2025 15:01:16)	 (Not Inserted)
2 , 1 , RIL , C , C , 14/09/2008 00:00:00, 	(21-FEB-2025 15:01:16)	 (Not Inserted)
2 , 1 , RIL , R , C , 14/09/2008 00:00:00, 	(21-FEB-2025 15:01:16)	 (Not Inserted)
2 , 2 , MGL , B , C , 16/07/2009 00:00:00, 	(21-FEB-2025 15:01:16)	 (Not Inserted)
2 , 2 , MGL , C , C , 16/07/2009 00:00:00, 	(21-FEB-2025 15:01:16)	 (Not Inserted)
2 , 2 , MGL , R , C , 16/07/2009 00:00:00, 	(21-FEB-2025 15:01:16)	 (Not Inserted)
2 , 3 , GSPCL , B , C , 24/03/2005 00:00:00, 	(21-FEB-2025 15:01:16)	 (Not Inserted)
2 , 3 , GSPCL , B , C , 21/04/2006 00:00:00, 	(21-FEB-2025 15:01:16)	 (Not Inserted)
2 , 3 , GSPCL , C , C , 24/03/2005 00:00:00, 	(21-FEB-2025 15:01:16)	 (Not Inserted)
2 , 3 , GSPCL , C , C , 21/04/2006 00:00:00, 	(21-FEB-2025 15:01:16)	 (Not Inserted)
2 , 3 , GSPCL , R , C , 24/03/2005 00:00:00, 	(21-FEB-2025 15:01:16)	 (Not Inserted)
2 , 3 , GSPCL , R , C , 21/04/2006 00:00:00, 	(21-FEB-2025 15:01:16)	 (Not Inserted)
2 , 4 , Gail , B , C , 08/03/2007 00:00:00, 	(21-FEB-2025 15:01:16)	 (Not Inserted)
2 , 4 , Gail , C , C , 08/03/2007 00:00:00, 	(21-FEB-2025 15:01:16)	 (Not Inserted)
2 , 4 , Gail , R , C , 08/03/2007 00:00:00, 	(21-FEB-2025 15:01:16)	 (Not Inserted)
2 , 4 , Gail , R , R , 08/03/2007 00:00:00, 	(21-FEB-2025 15:01:16)	 (Not Inserted)
2 ,  , BPL , B , C , 09/04/2010 00:00:00, 	(21-FEB-2025 15:01:16)	 (Not Inserted)
2 ,  , BPL , C , C , 09/04/2010 00:00:00, 	(21-FEB-2025 15:01:16)	 (Not Inserted)
2 ,  , BPL , R , C , 09/04/2010 00:00:00, 	(21-FEB-2025 15:01:16)	 (Not Inserted)
2 ,  , EPL , B , C , 09/04/2010 00:00:00, 	(21-FEB-2025 15:01:16)	 (Not Inserted)
2 ,  , EPL , C , C , 09/04/2010 00:00:00, 	(21-FEB-2025 15:01:16)	 (Not Inserted)
2 ,  , EPL , R , C , 09/04/2010 00:00:00, 	(21-FEB-2025 15:01:16)	 (Not Inserted)
2 , 217 , ESL , R , C , 01/04/2006 00:00:00, 	(21-FEB-2025 15:01:16)	 (Not Inserted)
2 , 217 , ESL , R , C , 26/08/2006 00:00:00, 	(21-FEB-2025 15:01:16)	 (Not Inserted)
2 , 5 , NTPC , C , C , 01/06/2006 00:00:00, 	(21-FEB-2025 15:01:16)	 (Not Inserted)
2 , 5 , NTPC , C , C , 18/11/2006 00:00:00, 	(21-FEB-2025 15:01:16)	 (Not Inserted)
2 , 5 , NTPC , R , C , 01/06/2006 00:00:00, 	(21-FEB-2025 15:01:16)	 (Not Inserted)
2 , 5 , NTPC , R , C , 18/11/2006 00:00:00, 	(21-FEB-2025 15:01:16)	 (Not Inserted)
2 , 6 , KRIBHCO , B , C , 05/12/2007 00:00:00, 	(21-FEB-2025 15:01:16)	 (Not Inserted)
2 , 6 , KRIBHCO , C , C , 05/12/2007 00:00:00, 	(21-FEB-2025 15:01:16)	 (Not Inserted)
2 , 6 , KRIBHCO , R , C , 05/12/2007 00:00:00, 	(21-FEB-2025 15:01:16)	 (Not Inserted)
2 , 7 , DFPCL , B , C , 03/12/2007 00:00:00, 	(21-FEB-2025 15:01:16)	 (Not Inserted)
2 , 7 , DFPCL , C , C , 03/12/2007 00:00:00, 	(21-FEB-2025 15:01:16)	 (Not Inserted)
2 , 7 , DFPCL , R , C , 03/12/2007 00:00:00, 	(21-FEB-2025 15:01:16)	 (Not Inserted)
2 , 8 , AIGL , B , C , 22/07/2009 00:00:00, 	(21-FEB-2025 15:01:16)	 (Not Inserted)
2 , 8 , AIGL , C , C , 22/07/2009 00:00:00, 	(21-FEB-2025 15:01:16)	 (Not Inserted)
2 , 8 , AIGL , R , C , 22/07/2009 00:00:00, 	(21-FEB-2025 15:01:16)	 (Not Inserted)
2 , 218 , ESEZ , R , C , 04/04/2008 00:00:00, 	(21-FEB-2025 15:01:16)	 (Not Inserted)
2 ,  , KSFL , C , C , 20/12/2007 00:00:00, 	(21-FEB-2025 15:01:16)	 (Not Inserted)
2 ,  , KSFL , R , C , 20/12/2007 00:00:00, 	(21-FEB-2025 15:01:16)	 (Not Inserted)
2 , 242 , MAHAGENCO , C , C , 16/04/2008 00:00:00, 	(21-FEB-2025 15:01:16)	 (Not Inserted)
2 , 242 , MAHAGENCO , R , C , 16/04/2008 00:00:00, 	(21-FEB-2025 15:01:16)	 (Not Inserted)
2 , 249 , NPL , C , C , 28/02/2008 00:00:00, 	(21-FEB-2025 15:01:16)	 (Not Inserted)
2 , 249 , NPL , R , C , 28/02/2008 00:00:00, 	(21-FEB-2025 15:01:16)	 (Not Inserted)
2 , 9 , SIGIL , B , C , 01/04/2009 00:00:00, 	(21-FEB-2025 15:01:16)	 (Not Inserted)
2 , 9 , SIGIL , C , C , 01/04/2009 00:00:00, 	(21-FEB-2025 15:01:16)	 (Not Inserted)
2 , 9 , SIGIL , R , C , 01/04/2009 00:00:00, 	(21-FEB-2025 15:01:16)	 (Not Inserted)
2 , 225 , VIL , R , C , 12/12/2007 00:00:00, 	(21-FEB-2025 15:01:16)	 (Not Inserted)
2 , 10 , GGCL , B , C , 11/05/2012 00:00:00, 	(21-FEB-2025 15:01:16)	 (Not Inserted)
2 , 10 , GGCL , C , C , 11/05/2012 00:00:00, 	(21-FEB-2025 15:01:16)	 (Not Inserted)
2 , 10 , GGCL , R , C , 11/05/2012 00:00:00, 	(21-FEB-2025 15:01:16)	 (Not Inserted)
2 , 11 , TPL , B , C , 04/08/2012 00:00:00, 	(21-FEB-2025 15:01:16)	 (Not Inserted)
2 , 11 , TPL , B , C , 20/12/2018 00:00:00, 	(21-FEB-2025 15:01:16)	 (Not Inserted)
2 , 11 , TPL , C , C , 04/08/2012 00:00:00, 	(21-FEB-2025 15:01:16)	 (Not Inserted)
2 , 11 , TPL , C , C , 20/12/2018 00:00:00, 	(21-FEB-2025 15:01:16)	 (Not Inserted)
2 , 11 , TPL , R , C , 04/08/2012 00:00:00, 	(21-FEB-2025 15:01:16)	 (Not Inserted)
2 , 11 , TPL , R , C , 20/12/2018 00:00:00, 	(21-FEB-2025 15:01:16)	 (Not Inserted)
2 , 280 , WMSL , B , C , 31/05/2011 00:00:00, 	(21-FEB-2025 15:01:16)	 (Not Inserted)
2 , 280 , WMSL , B , C , 25/11/2014 00:00:00, 	(21-FEB-2025 15:01:16)	 (Not Inserted)
2 , 280 , WMSL , C , C , 31/05/2011 00:00:00, 	(21-FEB-2025 15:01:16)	 (Not Inserted)
2 , 280 , WMSL , C , C , 25/11/2014 00:00:00, 	(21-FEB-2025 15:01:16)	 (Not Inserted)
2 , 280 , WMSL , R , C , 31/05/2011 00:00:00, 	(21-FEB-2025 15:01:16)	 (Not Inserted)
2 , 12 , MNGL , B , C , 20/06/2013 00:00:00, 	(21-FEB-2025 15:01:16)	 (Not Inserted)
2 , 12 , MNGL , C , C , 20/06/2013 00:00:00, 	(21-FEB-2025 15:01:16)	 (Not Inserted)
2 , 12 , MNGL , R , C , 20/06/2013 00:00:00, 	(21-FEB-2025 15:01:16)	 (Not Inserted)
2 , 13 , IGL , B , C , 04/02/2011 00:00:00, 	(21-FEB-2025 15:01:16)	 (Not Inserted)
2 , 13 , IGL , C , C , 04/02/2011 00:00:00, 	(21-FEB-2025 15:01:16)	 (Not Inserted)
2 , 13 , IGL , R , C , 04/02/2011 00:00:00, 	(21-FEB-2025 15:01:16)	 (Not Inserted)
2 , 14 , BPCL , B , C , 24/07/2014 00:00:00, 	(21-FEB-2025 15:01:16)	 (Not Inserted)
2 , 14 , BPCL , C , C , 24/07/2014 00:00:00, 	(21-FEB-2025 15:01:16)	 (Not Inserted)
2 , 14 , BPCL , R , C , 24/07/2014 00:00:00, 	(21-FEB-2025 15:01:16)	 (Not Inserted)
2 , 14 , BPCL , R , C , 01/08/2022 00:00:00, 	(21-FEB-2025 15:01:16)	 (Not Inserted)
2 , 14 , BPCL , R , C , 16/12/2022 00:00:00, 	(21-FEB-2025 15:01:16)	 (Not Inserted)
2 , 14 , BPCL , R , T , 01/08/2022 00:00:00, 	(21-FEB-2025 15:01:16)	 (Not Inserted)
2 , 14 , BPCL , R , T , 16/12/2022 00:00:00, 	(21-FEB-2025 15:01:16)	 (Not Inserted)
2 , 269 , TEL , B , C , 06/08/2014 00:00:00, 	(21-FEB-2025 15:01:16)	 (Not Inserted)
2 , 269 , TEL , C , C , 06/08/2014 00:00:00, 	(21-FEB-2025 15:01:16)	 (Not Inserted)
2 , 269 , TEL , R , C , 06/08/2014 00:00:00, 	(21-FEB-2025 15:01:16)	 (Not Inserted)
2 , 15 , HPCL , B , C , 16/09/2014 00:00:00, 	(21-FEB-2025 15:01:16)	 (Not Inserted)
2 , 15 , HPCL , B , C , 15/06/2016 00:00:00, 	(21-FEB-2025 15:01:16)	 (Not Inserted)
2 , 15 , HPCL , C , C , 15/06/2016 00:00:00, 	(21-FEB-2025 15:01:16)	 (Not Inserted)
2 , 15 , HPCL , R , C , 17/11/2010 00:00:00, 	(21-FEB-2025 15:01:16)	 (Not Inserted)
2 , 15 , HPCL , R , C , 16/09/2014 00:00:00, 	(21-FEB-2025 15:01:16)	 (Not Inserted)
2 , 15 , HPCL , R , C , 15/06/2016 00:00:00, 	(21-FEB-2025 15:01:16)	 (Not Inserted)
2 , 15 , HPCL , R , T , 15/06/2016 00:00:00, 	(21-FEB-2025 15:01:16)	 (Not Inserted)
2 , 16 , JSW , B , C , 31/05/2011 00:00:00, 	(21-FEB-2025 15:01:16)	 (Not Inserted)
2 , 16 , JSW , B , C , 25/11/2014 00:00:00, 	(21-FEB-2025 15:01:16)	 (Not Inserted)
2 , 16 , JSW , C , C , 31/05/2011 00:00:00, 	(21-FEB-2025 15:01:16)	 (Not Inserted)
2 , 16 , JSW , C , C , 25/11/2014 00:00:00, 	(21-FEB-2025 15:01:16)	 (Not Inserted)
2 , 16 , JSW , R , C , 31/05/2011 00:00:00, 	(21-FEB-2025 15:01:16)	 (Not Inserted)
2 , 16 , JSW , R , C , 25/11/2014 00:00:00, 	(21-FEB-2025 15:01:16)	 (Not Inserted)
2 , 17 , BGL , B , C , 28/07/2016 00:00:00, 	(21-FEB-2025 15:01:16)	 (Not Inserted)
2 , 17 , BGL , C , C , 28/07/2016 00:00:00, 	(21-FEB-2025 15:01:16)	 (Not Inserted)
2 , 17 , BGL , R , C , 28/07/2016 00:00:00, 	(21-FEB-2025 15:01:16)	 (Not Inserted)
2 , 18 , GSFC , B , C , 14/03/2016 00:00:00, 	(21-FEB-2025 15:01:16)	 (Not Inserted)
2 , 18 , GSFC , C , C , 14/03/2016 00:00:00, 	(21-FEB-2025 15:01:16)	 (Not Inserted)
2 , 18 , GSFC , R , C , 14/03/2016 00:00:00, 	(21-FEB-2025 15:01:16)	 (Not Inserted)
2 , 228 , H-Energy , B , C , 14/11/2016 00:00:00, 	(21-FEB-2025 15:01:16)	 (Not Inserted)
2 , 228 , H-Energy , C , C , 14/11/2016 00:00:00, 	(21-FEB-2025 15:01:16)	 (Not Inserted)
2 , 228 , H-Energy , R , C , 14/11/2016 00:00:00, 	(21-FEB-2025 15:01:16)	 (Not Inserted)
2 , 160 , SIMPL , B , C , 14/11/2016 00:00:00, 	(21-FEB-2025 15:01:16)	 (Not Inserted)
2 , 160 , SIMPL , C , C , 14/11/2016 00:00:00, 	(21-FEB-2025 15:01:16)	 (Not Inserted)
2 , 160 , SIMPL , R , C , 14/11/2016 00:00:00, 	(21-FEB-2025 15:01:16)	 (Not Inserted)
2 , 19 , ATGL , B , C , 13/01/2017 00:00:00, 	(21-FEB-2025 15:01:16)	 (Not Inserted)
2 , 19 , ATGL , B , C , 04/04/2022 00:00:00, 	(21-FEB-2025 15:01:16)	 (Not Inserted)
2 , 19 , ATGL , C , C , 13/01/2017 00:00:00, 	(21-FEB-2025 15:01:16)	 (Not Inserted)
2 , 19 , ATGL , C , C , 04/04/2022 00:00:00, 	(21-FEB-2025 15:01:16)	 (Not Inserted)
2 , 19 , ATGL , R , C , 13/01/2017 00:00:00, 	(21-FEB-2025 15:01:16)	 (Not Inserted)
2 , 19 , ATGL , R , C , 04/04/2022 00:00:00, 	(21-FEB-2025 15:01:16)	 (Not Inserted)
2 , 20 , AMNS , B , C , 18/01/2012 00:00:00, 	(21-FEB-2025 15:01:16)	 (Not Inserted)
2 , 20 , AMNS , C , C , 18/01/2012 00:00:00, 	(21-FEB-2025 15:01:16)	 (Not Inserted)
2 , 20 , AMNS , R , C , 18/01/2012 00:00:00, 	(21-FEB-2025 15:01:16)	 (Not Inserted)
2 , 20 , AMNS , R , T , 18/01/2012 00:00:00, 	(21-FEB-2025 15:01:16)	 (Not Inserted)
2 ,  , SEMTPL , B , C , 28/07/2017 00:00:00, 	(21-FEB-2025 15:01:16)	 (Not Inserted)
2 ,  , SEMTPL , C , C , 28/07/2017 00:00:00, 	(21-FEB-2025 15:01:16)	 (Not Inserted)
2 ,  , SEMTPL , R , C , 28/07/2017 00:00:00, 	(21-FEB-2025 15:01:16)	 (Not Inserted)
2 ,  , SEMTPL , R , T , 28/07/2017 00:00:00, 	(21-FEB-2025 15:01:16)	 (Not Inserted)
2 , 21 , SGIPL , B , C , 28/11/2018 00:00:00, 	(21-FEB-2025 15:01:16)	 (Not Inserted)
2 , 21 , SGIPL , C , C , 28/11/2017 00:00:00, 	(21-FEB-2025 15:01:16)	 (Not Inserted)
2 , 21 , SGIPL , R , C , 28/11/2017 00:00:00, 	(21-FEB-2025 15:01:16)	 (Not Inserted)
2 , 22 , VGL , B , C , 03/07/2019 00:00:00, 	(21-FEB-2025 15:01:16)	 (Not Inserted)
2 , 22 , VGL , C , C , 03/07/2019 00:00:00, 	(21-FEB-2025 15:01:16)	 (Not Inserted)
2 , 22 , VGL , R , C , 03/07/2019 00:00:00, 	(21-FEB-2025 15:01:16)	 (Not Inserted)
2 , 23 , PGPGPL , B , C , 04/10/2019 00:00:00, 	(21-FEB-2025 15:01:16)	 (Not Inserted)
2 , 23 , PGPGPL , B , C , 28/04/2021 00:00:00, 	(21-FEB-2025 15:01:16)	 (Not Inserted)
2 , 23 , PGPGPL , C , C , 04/10/2019 00:00:00, 	(21-FEB-2025 15:01:16)	 (Not Inserted)
2 , 23 , PGPGPL , C , C , 01/04/2021 00:00:00, 	(21-FEB-2025 15:01:16)	 (Not Inserted)
2 , 23 , PGPGPL , C , C , 28/04/2021 00:00:00, 	(21-FEB-2025 15:01:16)	 (Not Inserted)
2 , 23 , PGPGPL , R , C , 04/10/2019 00:00:00, 	(21-FEB-2025 15:01:16)	 (Not Inserted)
2 , 23 , PGPGPL , R , C , 01/04/2021 00:00:00, 	(21-FEB-2025 15:01:16)	 (Not Inserted)
2 , 23 , PGPGPL , R , C , 28/04/2021 00:00:00, 	(21-FEB-2025 15:01:16)	 (Not Inserted)
2 , 24 , HCG , B , C , 02/12/2019 00:00:00, 	(21-FEB-2025 15:01:16)	 (Not Inserted)
2 , 24 , HCG , C , C , 02/12/2019 00:00:00, 	(21-FEB-2025 15:01:16)	 (Not Inserted)
2 , 24 , HCG , R , C , 02/12/2019 00:00:00, 	(21-FEB-2025 15:01:16)	 (Not Inserted)
2 , 25 , GGL , B , C , 09/12/2019 00:00:00, 	(21-FEB-2025 15:01:16)	 (Not Inserted)
2 , 25 , GGL , C , C , 09/12/2019 00:00:00, 	(21-FEB-2025 15:01:16)	 (Not Inserted)
2 , 25 , GGL , R , C , 09/12/2019 00:00:00, 	(21-FEB-2025 15:01:16)	 (Not Inserted)
2 , 26 , CFC , B , C , 01/01/2020 00:00:00, 	(21-FEB-2025 15:01:16)	 (Not Inserted)
2 , 26 , CFC , C , C , 01/01/2020 00:00:00, 	(21-FEB-2025 15:01:16)	 (Not Inserted)
2 , 26 , CFC , R , C , 01/01/2020 00:00:00, 	(21-FEB-2025 15:01:16)	 (Not Inserted)
2 , 27 , IFFCO , B , C , 01/01/2020 00:00:00, 	(21-FEB-2025 15:01:16)	 (Not Inserted)
2 , 27 , IFFCO , C , C , 01/01/2020 00:00:00, 	(21-FEB-2025 15:01:16)	 (Not Inserted)
2 , 27 , IFFCO , R , C , 01/01/2020 00:00:00, 	(21-FEB-2025 15:01:16)	 (Not Inserted)
2 , 28 , HGL-RLNG , B , C , 01/02/2020 00:00:00, 	(21-FEB-2025 15:01:16)	 (Not Inserted)
2 , 28 , HGL-RLNG , C , C , 01/02/2020 00:00:00, 	(21-FEB-2025 15:01:16)	 (Not Inserted)
2 , 28 , HGL-RLNG , R , C , 01/02/2020 00:00:00, 	(21-FEB-2025 15:01:16)	 (Not Inserted)
2 , 29 , PipeInfra , B , C , 01/01/2020 00:00:00, 	(21-FEB-2025 15:01:16)	 (Not Inserted)
2 , 29 , PipeInfra , C , C , 01/01/2020 00:00:00, 	(21-FEB-2025 15:01:16)	 (Not Inserted)
2 , 29 , PipeInfra , R , C , 01/01/2020 00:00:00, 	(21-FEB-2025 15:01:16)	 (Not Inserted)
2 , 29 , PipeInfra , R , R , 01/01/2020 00:00:00, 	(21-FEB-2025 15:01:16)	 (Not Inserted)
2 , 30 , NFL , B , C , 01/05/2020 00:00:00, 	(21-FEB-2025 15:01:16)	 (Not Inserted)
2 , 30 , NFL , C , C , 01/05/2020 00:00:00, 	(21-FEB-2025 15:01:16)	 (Not Inserted)
2 , 30 , NFL , R , C , 01/05/2020 00:00:00, 	(21-FEB-2025 15:01:16)	 (Not Inserted)
2 , 31 , HSIL , C , C , 01/05/2020 00:00:00, 	(21-FEB-2025 15:01:16)	 (Not Inserted)
2 , 31 , HSIL , R , C , 01/05/2020 00:00:00, 	(21-FEB-2025 15:01:16)	 (Not Inserted)
2 ,  , VVF , B , C , 01/05/2020 00:00:00, 	(21-FEB-2025 15:01:16)	 (Not Inserted)
2 ,  , VVF , C , C , 01/05/2020 00:00:00, 	(21-FEB-2025 15:01:16)	 (Not Inserted)
2 ,  , VVF , R , C , 01/05/2020 00:00:00, 	(21-FEB-2025 15:01:16)	 (Not Inserted)
2 , 32 , KFL , B , C , 23/07/2020 00:00:00, 	(21-FEB-2025 15:01:16)	 (Not Inserted)
2 , 32 , KFL , C , C , 23/07/2020 00:00:00, 	(21-FEB-2025 15:01:16)	 (Not Inserted)
2 , 32 , KFL , R , C , 23/07/2020 00:00:00, 	(21-FEB-2025 15:01:16)	 (Not Inserted)
2 , 197 , BIL , B , C , 25/06/2020 00:00:00, 	(21-FEB-2025 15:01:16)	 (Not Inserted)
2 , 197 , BIL , C , C , 25/06/2020 00:00:00, 	(21-FEB-2025 15:01:16)	 (Not Inserted)
2 , 197 , BIL , R , C , 25/06/2020 00:00:00, 	(21-FEB-2025 15:01:16)	 (Not Inserted)
2 , 254 , RIPL , B , C , 19/11/2020 00:00:00, 	(21-FEB-2025 15:01:16)	 (Not Inserted)
2 , 254 , RIPL , C , C , 19/11/2020 00:00:00, 	(21-FEB-2025 15:01:16)	 (Not Inserted)
2 , 254 , RIPL , R , C , 19/11/2020 00:00:00, 	(21-FEB-2025 15:01:16)	 (Not Inserted)
2 , 207 , CP , B , C , 15/10/2020 00:00:00, 	(21-FEB-2025 15:01:16)	 (Not Inserted)
2 , 207 , CP , C , C , 15/10/2020 00:00:00, 	(21-FEB-2025 15:01:16)	 (Not Inserted)
2 , 207 , CP , R , C , 15/10/2020 00:00:00, 	(21-FEB-2025 15:01:16)	 (Not Inserted)
2 ,  , HHFG DLNG , B , C , 26/10/2020 00:00:00, 	(21-FEB-2025 15:01:16)	 (Not Inserted)
2 ,  , HHFG DLNG , C , C , 26/10/2020 00:00:00, 	(21-FEB-2025 15:01:16)	 (Not Inserted)
2 ,  , HHFG DLNG , R , C , 26/10/2020 00:00:00, 	(21-FEB-2025 15:01:16)	 (Not Inserted)
2 , 187 , VIDUWIL , B , C , 01/01/2021 00:00:00, 	(21-FEB-2025 15:01:16)	 (Not Inserted)
2 , 187 , VIDUWIL , C , C , 01/01/2021 00:00:00, 	(21-FEB-2025 15:01:16)	 (Not Inserted)
2 , 187 , VIDUWIL , R , C , 01/01/2021 00:00:00, 	(21-FEB-2025 15:01:16)	 (Not Inserted)
2 , 33 , AGP CGD , B , C , 25/01/2021 00:00:00, 	(21-FEB-2025 15:01:16)	 (Not Inserted)
2 , 33 , AGP CGD , C , C , 25/01/2021 00:00:00, 	(21-FEB-2025 15:01:16)	 (Not Inserted)
2 , 33 , AGP CGD , R , C , 25/01/2021 00:00:00, 	(21-FEB-2025 15:01:16)	 (Not Inserted)
2 , 34 , MINDA , B , C , 29/01/2021 00:00:00, 	(21-FEB-2025 15:01:16)	 (Not Inserted)
2 , 34 , MINDA , C , C , 29/01/2021 00:00:00, 	(21-FEB-2025 15:01:16)	 (Not Inserted)
2 , 34 , MINDA , R , C , 29/01/2021 00:00:00, 	(21-FEB-2025 15:01:16)	 (Not Inserted)
2 , 238 , LEIPL , B , C , 04/11/2020 00:00:00, 	(21-FEB-2025 15:01:16)	 (Not Inserted)
2 , 238 , LEIPL , C , C , 04/11/2020 00:00:00, 	(21-FEB-2025 15:01:16)	 (Not Inserted)
2 , 238 , LEIPL , R , C , 04/11/2020 00:00:00, 	(21-FEB-2025 15:01:16)	 (Not Inserted)
2 , 35 , SCHOTT , B , C , 24/02/2020 00:00:00, 	(21-FEB-2025 15:01:16)	 (Not Inserted)
2 , 35 , SCHOTT , C , C , 24/02/2020 00:00:00, 	(21-FEB-2025 15:01:16)	 (Not Inserted)
2 , 35 , SCHOTT , R , C , 24/02/2020 00:00:00, 	(21-FEB-2025 15:01:16)	 (Not Inserted)
2 , 36 , HIL , B , C , 01/01/2021 00:00:00, 	(21-FEB-2025 15:01:16)	 (Not Inserted)
2 , 36 , HIL , C , C , 01/01/2021 00:00:00, 	(21-FEB-2025 15:01:16)	 (Not Inserted)
2 , 36 , HIL , R , C , 01/01/2021 00:00:00, 	(21-FEB-2025 15:01:16)	 (Not Inserted)
2 , 37 , HCGD-B , B , C , 01/04/2021 00:00:00, 	(21-FEB-2025 15:01:16)	 (Not Inserted)
2 , 37 , HCGD-B , C , C , 01/04/2021 00:00:00, 	(21-FEB-2025 15:01:16)	 (Not Inserted)
2 , 37 , HCGD-B , R , C , 01/04/2021 00:00:00, 	(21-FEB-2025 15:01:16)	 (Not Inserted)
2 , 198 , BIPL , B , C , 21/07/2020 00:00:00, 	(21-FEB-2025 15:01:16)	 (Not Inserted)
2 , 198 , BIPL , C , C , 21/07/2020 00:00:00, 	(21-FEB-2025 15:01:16)	 (Not Inserted)
2 , 198 , BIPL , R , C , 21/07/2020 00:00:00, 	(21-FEB-2025 15:01:16)	 (Not Inserted)
2 , 220 , EXXARO , B , C , 23/06/2021 00:00:00, 	(21-FEB-2025 15:01:16)	 (Not Inserted)
2 , 220 , EXXARO , C , C , 23/06/2021 00:00:00, 	(21-FEB-2025 15:01:16)	 (Not Inserted)
2 , 220 , EXXARO , R , C , 29/05/2021 00:00:00, 	(21-FEB-2025 15:01:16)	 (Not Inserted)
2 , 220 , EXXARO , R , C , 23/06/2021 00:00:00, 	(21-FEB-2025 15:01:16)	 (Not Inserted)
2 , 257 , STVPL , R , C , 18/02/2021 00:00:00, 	(21-FEB-2025 15:01:16)	 (Not Inserted)
2 , 233 , JGPL , R , C , 18/02/2021 00:00:00, 	(21-FEB-2025 15:01:16)	 (Not Inserted)
2 , 279 , WALLCERA , R , C , 17/02/2021 00:00:00, 	(21-FEB-2025 15:01:16)	 (Not Inserted)
2 , 193 , ASTIS , R , C , 17/02/2021 00:00:00, 	(21-FEB-2025 15:01:16)	 (Not Inserted)
2 , 109 , PROTON , R , C , 16/06/2021 00:00:00, 	(21-FEB-2025 15:01:16)	 (Not Inserted)
2 , 192 , ANTIQUE , R , C , 16/06/2021 00:00:00, 	(21-FEB-2025 15:01:16)	 (Not Inserted)
2 ,  , ACER , R , C , 16/06/2021 00:00:00, 	(21-FEB-2025 15:01:16)	 (Not Inserted)
2 , 38 , KAJARIA , B , C , 30/11/2020 00:00:00, 	(21-FEB-2025 15:01:16)	 (Not Inserted)
2 , 38 , KAJARIA , C , C , 30/11/2020 00:00:00, 	(21-FEB-2025 15:01:16)	 (Not Inserted)
2 , 38 , KAJARIA , R , C , 30/11/2020 00:00:00, 	(21-FEB-2025 15:01:16)	 (Not Inserted)
2 , 222 , GASGROWS , R , C , 07/05/2020 00:00:00, 	(21-FEB-2025 15:01:16)	 (Not Inserted)
2 , 39 , SISECAM , B , C , 09/06/2021 00:00:00, 	(21-FEB-2025 15:01:16)	 (Not Inserted)
2 , 39 , SISECAM , C , C , 09/06/2021 00:00:00, 	(21-FEB-2025 15:01:16)	 (Not Inserted)
2 , 39 , SISECAM , R , C , 09/06/2021 00:00:00, 	(21-FEB-2025 15:01:16)	 (Not Inserted)
2 , 40 , ATPL , B , C , 17/12/2020 00:00:00, 	(21-FEB-2025 15:01:16)	 (Not Inserted)
2 , 40 , ATPL , C , C , 17/12/2020 00:00:00, 	(21-FEB-2025 15:01:16)	 (Not Inserted)
2 , 40 , ATPL , R , C , 17/12/2020 00:00:00, 	(21-FEB-2025 15:01:16)	 (Not Inserted)
2 , 41 , OPAL , B , C , 28/07/2021 00:00:00, 	(21-FEB-2025 15:01:16)	 (Not Inserted)
2 , 41 , OPAL , C , C , 28/07/2021 00:00:00, 	(21-FEB-2025 15:01:16)	 (Not Inserted)
2 , 41 , OPAL , R , C , 28/07/2021 00:00:00, 	(21-FEB-2025 15:01:16)	 (Not Inserted)
2 , 234 , JKPAPER , B , C , 02/08/2021 00:00:00, 	(21-FEB-2025 15:01:16)	 (Not Inserted)
2 , 234 , JKPAPER , C , C , 02/08/2021 00:00:00, 	(21-FEB-2025 15:01:16)	 (Not Inserted)
2 , 234 , JKPAPER , R , C , 02/08/2021 00:00:00, 	(21-FEB-2025 15:01:16)	 (Not Inserted)
2 , 263 , STL , B , C , 25/08/2021 00:00:00, 	(21-FEB-2025 15:01:16)	 (Not Inserted)
2 , 263 , STL , C , C , 25/08/2021 00:00:00, 	(21-FEB-2025 15:01:16)	 (Not Inserted)
2 , 263 , STL , R , C , 25/08/2021 00:00:00, 	(21-FEB-2025 15:01:16)	 (Not Inserted)
2 , 273 , UEPL , R , C , 03/09/2021 00:00:00, 	(21-FEB-2025 15:01:16)	 (Not Inserted)
2 , 206 , CELLO , B , C , 01/12/2021 00:00:00, 	(21-FEB-2025 15:01:16)	 (Not Inserted)
2 , 206 , CELLO , C , C , 01/12/2021 00:00:00, 	(21-FEB-2025 15:01:16)	 (Not Inserted)
2 , 206 , CELLO , R , C , 01/12/2021 00:00:00, 	(21-FEB-2025 15:01:16)	 (Not Inserted)
2 , 204 , CALDERYS , B , C , 20/12/2021 00:00:00, 	(21-FEB-2025 15:01:16)	 (Not Inserted)
2 , 204 , CALDERYS , C , C , 20/12/2021 00:00:00, 	(21-FEB-2025 15:01:16)	 (Not Inserted)
2 , 204 , CALDERYS , R , C , 20/12/2021 00:00:00, 	(21-FEB-2025 15:01:16)	 (Not Inserted)
2 , 42 , RCF , B , C , 30/12/2021 00:00:00, 	(21-FEB-2025 15:01:16)	 (Not Inserted)
2 , 42 , RCF , C , C , 30/12/2021 00:00:00, 	(21-FEB-2025 15:01:16)	 (Not Inserted)
2 , 42 , RCF , R , C , 30/12/2021 00:00:00, 	(21-FEB-2025 15:01:16)	 (Not Inserted)
2 , 201 , BWRL , B , C , 25/01/2022 00:00:00, 	(21-FEB-2025 15:01:16)	 (Not Inserted)
2 , 201 , BWRL , C , C , 25/01/2022 00:00:00, 	(21-FEB-2025 15:01:16)	 (Not Inserted)
2 , 201 , BWRL , R , C , 25/01/2022 00:00:00, 	(21-FEB-2025 15:01:16)	 (Not Inserted)
2 , 235 , KRYO , R , C , 31/01/2022 00:00:00, 	(21-FEB-2025 15:01:16)	 (Not Inserted)
2 , 276 , VIRGO , B , C , 12/02/2022 00:00:00, 	(21-FEB-2025 15:01:16)	 (Not Inserted)
2 , 276 , VIRGO , C , C , 12/02/2022 00:00:00, 	(21-FEB-2025 15:01:16)	 (Not Inserted)
2 , 276 , VIRGO , R , C , 12/02/2022 00:00:00, 	(21-FEB-2025 15:01:16)	 (Not Inserted)
2 , 196 , BLPL , B , C , 26/05/2022 00:00:00, 	(21-FEB-2025 15:01:16)	 (Not Inserted)
2 , 196 , BLPL , C , C , 26/05/2022 00:00:00, 	(21-FEB-2025 15:01:16)	 (Not Inserted)
2 , 196 , BLPL , R , C , 02/03/2022 00:00:00, 	(21-FEB-2025 15:01:16)	 (Not Inserted)
2 , 223 , GIPSKARTON , B , C , 24/03/2022 00:00:00, 	(21-FEB-2025 15:01:16)	 (Not Inserted)
2 , 223 , GIPSKARTON , R , C , 24/03/2022 00:00:00, 	(21-FEB-2025 15:01:16)	 (Not Inserted)
2 , 270 , TGPL , C , T , 27/04/2005 00:00:00, 	(21-FEB-2025 15:01:16)	 (Not Inserted)
2 , 270 , TGPL , R , T , 27/04/2005 00:00:00, 	(21-FEB-2025 15:01:16)	 (Not Inserted)
2 , 116 , SELNG , C , T , 03/10/2008 00:00:00, 	(21-FEB-2025 15:01:16)	 (Not Inserted)
2 , 116 , SELNG , R , T , 29/04/2005 00:00:00, 	(21-FEB-2025 15:01:16)	 (Not Inserted)
2 , 116 , SELNG , R , T , 03/10/2008 00:00:00, 	(21-FEB-2025 15:01:16)	 (Not Inserted)
2 , 256 , SITME , B , T , 21/06/2021 00:00:00, 	(21-FEB-2025 15:01:16)	 (Not Inserted)
2 , 256 , SITME , C , T , 21/06/2021 00:00:00, 	(21-FEB-2025 15:01:16)	 (Not Inserted)
2 , 256 , SITME , R , T , 21/06/2021 00:00:00, 	(21-FEB-2025 15:01:16)	 (Not Inserted)
2 , 1 , RIL , B , T , 01/01/2021 00:00:00, 	(21-FEB-2025 15:01:16)	 (Not Inserted)
2 , 1 , RIL , R , T , 01/01/2021 00:00:00, 	(21-FEB-2025 15:01:16)	 (Not Inserted)
2 , 43 , BP , B , T , 01/01/2021 00:00:00, 	(21-FEB-2025 15:01:16)	 (Not Inserted)
2 , 43 , BP , C , T , 01/01/2021 00:00:00, 	(21-FEB-2025 15:01:16)	 (Not Inserted)
2 , 43 , BP , R , T , 01/01/2021 00:00:00, 	(21-FEB-2025 15:01:16)	 (Not Inserted)
2 ,  , AMNS-T , R , T , 01/01/2019 00:00:00, 	(21-FEB-2025 15:01:16)	 (Not Inserted)
2 , 1 , RIL , R , T , 25/03/2022 00:00:00, 	(21-FEB-2025 15:01:16)	 (Not Inserted)
2 ,  , PIL-Haz , C , R , 14/09/2008 00:00:00, 	(21-FEB-2025 15:01:16)	 (Not Inserted)
2 ,  , PIL-Haz , C , R , 14/09/2010 00:00:00, 	(21-FEB-2025 15:01:16)	 (Not Inserted)
2 ,  , PIL-Haz , C , R , 25/04/2019 00:00:00, 	(21-FEB-2025 15:01:16)	 (Not Inserted)
2 , 45 , GSPL , R , C , 21/04/2006 00:00:00, 	(21-FEB-2025 15:01:16)	 (Not Inserted)
2 , 45 , GSPL , R , R , 21/04/2006 00:00:00, 	(21-FEB-2025 15:01:16)	 (Not Inserted)
2 ,  , PARK-MSK , R , R , 19/04/2022 00:00:00, 	(21-FEB-2025 15:01:16)	 (Not Inserted)
2 ,  , PARK-BHD , R , R , 19/04/2022 00:00:00, 	(21-FEB-2025 15:01:16)	 (Not Inserted)
2 ,  , PARKPHUCBM , R , R , 19/04/2022 00:00:00, 	(21-FEB-2025 15:01:16)	 (Not Inserted)
2 , 46 , TGLPL , B , C , 29/04/2022 00:00:00, 	(21-FEB-2025 15:01:16)	 (Not Inserted)
2 , 46 , TGLPL , C , C , 29/04/2022 00:00:00, 	(21-FEB-2025 15:01:16)	 (Not Inserted)
2 , 46 , TGLPL , R , C , 29/04/2022 00:00:00, 	(21-FEB-2025 15:01:16)	 (Not Inserted)
2 , 47 , TGBPL , B , C , 29/04/2022 00:00:00, 	(21-FEB-2025 15:01:16)	 (Not Inserted)
2 , 47 , TGBPL , C , C , 29/04/2022 00:00:00, 	(21-FEB-2025 15:01:16)	 (Not Inserted)
2 , 47 , TGBPL , R , C , 29/04/2022 00:00:00, 	(21-FEB-2025 15:01:16)	 (Not Inserted)
2 , 48 , BGEPL , B , C , 29/04/2022 00:00:00, 	(21-FEB-2025 15:01:16)	 (Not Inserted)
2 , 48 , BGEPL , C , C , 29/04/2022 00:00:00, 	(21-FEB-2025 15:01:16)	 (Not Inserted)
2 , 48 , BGEPL , R , C , 29/04/2022 00:00:00, 	(21-FEB-2025 15:01:16)	 (Not Inserted)
2 , 231 , IMCL , B , C , 12/05/2022 00:00:00, 	(21-FEB-2025 15:01:16)	 (Not Inserted)
2 , 231 , IMCL , C , C , 12/05/2022 00:00:00, 	(21-FEB-2025 15:01:16)	 (Not Inserted)
2 , 231 , IMCL , R , C , 12/05/2022 00:00:00, 	(21-FEB-2025 15:01:16)	 (Not Inserted)
2 ,  , PMSKP , R , R , 13/05/2022 00:00:00, 	(21-FEB-2025 15:01:16)	 (Not Inserted)
2 , 49 , VVF India , B , C , 14/05/2022 00:00:00, 	(21-FEB-2025 15:01:16)	 (Not Inserted)
2 , 49 , VVF India , C , C , 14/05/2022 00:00:00, 	(21-FEB-2025 15:01:16)	 (Not Inserted)
2 , 49 , VVF India , R , C , 14/05/2022 00:00:00, 	(21-FEB-2025 15:01:16)	 (Not Inserted)
2 , 49 , VVF India , R , C , 16/12/2022 00:00:00, 	(21-FEB-2025 15:01:16)	 (Not Inserted)
2 , 50 , GNFC , B , C , 24/05/2022 00:00:00, 	(21-FEB-2025 15:01:16)	 (Not Inserted)
2 , 50 , GNFC , C , C , 24/05/2022 00:00:00, 	(21-FEB-2025 15:01:16)	 (Not Inserted)
2 , 50 , GNFC , R , C , 24/05/2022 00:00:00, 	(21-FEB-2025 15:01:16)	 (Not Inserted)
2 , 140 , MEGHHQX , B , C , 02/06/2022 00:00:00, 	(21-FEB-2025 15:01:16)	 (Not Inserted)
2 , 140 , MEGHHQX , C , C , 02/06/2022 00:00:00, 	(21-FEB-2025 15:01:16)	 (Not Inserted)
2 , 140 , MEGHHQX , R , C , 02/06/2022 00:00:00, 	(21-FEB-2025 15:01:16)	 (Not Inserted)
2 , 51 , ONGC , B , T , 07/06/2022 00:00:00, 	(21-FEB-2025 15:01:16)	 (Not Inserted)
2 , 51 , ONGC , C , T , 07/06/2022 00:00:00, 	(21-FEB-2025 15:01:16)	 (Not Inserted)
2 , 51 , ONGC , R , T , 07/06/2022 00:00:00, 	(21-FEB-2025 15:01:16)	 (Not Inserted)
2 , 52 , GLIL , B , C , 07/06/2022 00:00:00, 	(21-FEB-2025 15:01:16)	 (Not Inserted)
2 , 52 , GLIL , C , C , 07/06/2022 00:00:00, 	(21-FEB-2025 15:01:16)	 (Not Inserted)
2 , 52 , GLIL , R , C , 07/06/2022 00:00:00, 	(21-FEB-2025 15:01:16)	 (Not Inserted)
2 , 272 , UGEL , R , C , 09/06/2022 00:00:00, 	(21-FEB-2025 15:01:16)	 (Not Inserted)
2 , 255 , SGI-AP , B , C , 27/06/2022 00:00:00, 	(21-FEB-2025 15:01:16)	 (Not Inserted)
2 , 255 , SGI-AP , C , C , 27/06/2022 00:00:00, 	(21-FEB-2025 15:01:16)	 (Not Inserted)
2 , 255 , SGI-AP , R , C , 27/06/2022 00:00:00, 	(21-FEB-2025 15:01:16)	 (Not Inserted)
2 ,  , IGX , R , C , 29/06/2022 00:00:00, 	(21-FEB-2025 15:01:16)	 (Not Inserted)
2 , 53 , RGPL , R , C , 29/06/2022 00:00:00, 	(21-FEB-2025 15:01:16)	 (Not Inserted)
2 , 53 , RGPL , R , R , 29/06/2022 00:00:00, 	(21-FEB-2025 15:01:16)	 (Not Inserted)
2 , 224 , GTIPL , R , C , 01/07/2022 00:00:00, 	(21-FEB-2025 15:01:16)	 (Not Inserted)
2 ,  , GSPL-C , R , C , 12/07/2022 00:00:00, 	(21-FEB-2025 15:01:16)	 (Not Inserted)
2 , 117 , PEPL , B , C , 28/02/2024 00:00:00, 	(21-FEB-2025 15:01:16)	 (Not Inserted)
2 , 117 , PEPL , C , C , 28/02/2024 00:00:00, 	(21-FEB-2025 15:01:16)	 (Not Inserted)
2 , 117 , PEPL , R , C , 13/07/2022 00:00:00, 	(21-FEB-2025 15:01:16)	 (Not Inserted)
2 , 54 , GFCL , B , C , 14/07/2022 00:00:00, 	(21-FEB-2025 15:01:16)	 (Not Inserted)
2 , 54 , GFCL , C , C , 14/07/2022 00:00:00, 	(21-FEB-2025 15:01:16)	 (Not Inserted)
2 , 54 , GFCL , R , C , 14/07/2022 00:00:00, 	(21-FEB-2025 15:01:16)	 (Not Inserted)
2 ,  , DERL , R , T , 16/08/2022 00:00:00, 	(21-FEB-2025 15:01:16)	 (Not Inserted)
2 , 55 , CPL , B , C , 16/08/2022 00:00:00, 	(21-FEB-2025 15:01:16)	 (Not Inserted)
2 , 55 , CPL , C , C , 16/08/2022 00:00:00, 	(21-FEB-2025 15:01:16)	 (Not Inserted)
2 , 55 , CPL , R , C , 16/08/2022 00:00:00, 	(21-FEB-2025 15:01:16)	 (Not Inserted)
2 , 56 , IRM , B , C , 24/08/2022 00:00:00, 	(21-FEB-2025 15:01:16)	 (Not Inserted)
2 , 56 , IRM , C , C , 24/08/2022 00:00:00, 	(21-FEB-2025 15:01:16)	 (Not Inserted)
2 , 56 , IRM , R , C , 24/08/2022 00:00:00, 	(21-FEB-2025 15:01:16)	 (Not Inserted)
2 , 57 , PPL , B , C , 30/08/2022 00:00:00, 	(21-FEB-2025 15:01:16)	 (Not Inserted)
2 , 57 , PPL , C , C , 30/08/2022 00:00:00, 	(21-FEB-2025 15:01:16)	 (Not Inserted)
2 , 57 , PPL , R , C , 26/08/2022 00:00:00, 	(21-FEB-2025 15:01:16)	 (Not Inserted)
2 , 58 , YARALTD , B , C , 06/09/2022 00:00:00, 	(21-FEB-2025 15:01:16)	 (Not Inserted)
2 , 58 , YARALTD , C , C , 06/09/2022 00:00:00, 	(21-FEB-2025 15:01:16)	 (Not Inserted)
2 , 58 , YARALTD , R , C , 06/09/2022 00:00:00, 	(21-FEB-2025 15:01:16)	 (Not Inserted)
2 , 59 , INPEROX , B , C , 13/09/2022 00:00:00, 	(21-FEB-2025 15:01:16)	 (Not Inserted)
2 , 59 , INPEROX , C , C , 13/09/2022 00:00:00, 	(21-FEB-2025 15:01:16)	 (Not Inserted)
2 , 59 , INPEROX , R , C , 13/09/2022 00:00:00, 	(21-FEB-2025 15:01:16)	 (Not Inserted)
2 , 60 , RAFECHL , R , C , 28/09/2022 00:00:00, 	(21-FEB-2025 15:01:16)	 (Not Inserted)
2 , 124 , MGRPL , R , C , 01/10/2022 00:00:00, 	(21-FEB-2025 15:01:16)	 (Not Inserted)
2 , 124 , MGRPL , R , T , 01/10/2022 00:00:00, 	(21-FEB-2025 15:01:16)	 (Not Inserted)
2 , 208 , CNTENKA , B , C , 17/10/2022 00:00:00, 	(21-FEB-2025 15:01:16)	 (Not Inserted)
2 , 208 , CNTENKA , C , C , 17/10/2022 00:00:00, 	(21-FEB-2025 15:01:16)	 (Not Inserted)
2 , 208 , CNTENKA , R , C , 17/10/2022 00:00:00, 	(21-FEB-2025 15:01:16)	 (Not Inserted)
2 , 61 , EFSPL , R , C , 25/10/2022 00:00:00, 	(21-FEB-2025 15:01:16)	 (Not Inserted)
2 , 61 , EFSPL , R , T , 25/10/2022 00:00:00, 	(21-FEB-2025 15:01:16)	 (Not Inserted)
2 , 158 , HINDURV , B , C , 28/02/2023 00:00:00, 	(21-FEB-2025 15:01:16)	 (Not Inserted)
2 , 158 , HINDURV , C , C , 28/02/2023 00:00:00, 	(21-FEB-2025 15:01:16)	 (Not Inserted)
2 , 158 , HINDURV , R , C , 17/11/2022 00:00:00, 	(21-FEB-2025 15:01:16)	 (Not Inserted)
2 , 227 , HCGPUTE , B , C , 21/11/2022 00:00:00, 	(21-FEB-2025 15:01:16)	 (Not Inserted)
2 , 227 , HCGPUTE , C , C , 21/11/2022 00:00:00, 	(21-FEB-2025 15:01:16)	 (Not Inserted)
2 , 227 , HCGPUTE , R , C , 18/11/2022 00:00:00, 	(21-FEB-2025 15:01:16)	 (Not Inserted)
2 , 63 , GOAGLSF , B , C , 25/11/2022 00:00:00, 	(21-FEB-2025 15:01:16)	 (Not Inserted)
2 , 63 , GOAGLSF , C , C , 25/11/2022 00:00:00, 	(21-FEB-2025 15:01:16)	 (Not Inserted)
2 , 63 , GOAGLSF , R , C , 25/11/2022 00:00:00, 	(21-FEB-2025 15:01:16)	 (Not Inserted)
2 , 64 , IGSPL , R , C , 25/11/2022 00:00:00, 	(21-FEB-2025 15:01:16)	 (Not Inserted)
2 , 64 , IGSPL , R , T , 25/11/2022 00:00:00, 	(21-FEB-2025 15:01:16)	 (Not Inserted)
2 , 65 , PEFORCV , B , C , 08/12/2022 00:00:00, 	(21-FEB-2025 15:01:16)	 (Not Inserted)
2 , 65 , PEFORCV , C , C , 08/12/2022 00:00:00, 	(21-FEB-2025 15:01:16)	 (Not Inserted)
2 , 65 , PEFORCV , R , C , 08/12/2022 00:00:00, 	(21-FEB-2025 15:01:16)	 (Not Inserted)
2 , 66 , BHEL , R , C , 12/12/2022 00:00:00, 	(21-FEB-2025 15:01:16)	 (Not Inserted)
2 , 210 , COMFIND , R , C , 13/12/2022 00:00:00, 	(21-FEB-2025 15:01:16)	 (Not Inserted)
2 , 67 , DCMSHRI , B , C , 13/12/2022 00:00:00, 	(21-FEB-2025 15:01:16)	 (Not Inserted)
2 , 67 , DCMSHRI , C , C , 13/12/2022 00:00:00, 	(21-FEB-2025 15:01:16)	 (Not Inserted)
2 , 67 , DCMSHRI , R , C , 13/12/2022 00:00:00, 	(21-FEB-2025 15:01:16)	 (Not Inserted)
2 , 81 , HOECLTD , R , C , 14/12/2022 00:00:00, 	(21-FEB-2025 15:01:16)	 (Not Inserted)
2 , 81 , HOECLTD , R , T , 14/12/2022 00:00:00, 	(21-FEB-2025 15:01:16)	 (Not Inserted)
2 , 144 , HINAGIL , R , C , 14/12/2022 00:00:00, 	(21-FEB-2025 15:01:16)	 (Not Inserted)
2 , 147 , HPOIGAS , B , C , 20/12/2023 00:00:00, 	(21-FEB-2025 15:01:16)	 (Not Inserted)
2 , 147 , HPOIGAS , C , C , 20/12/2023 00:00:00, 	(21-FEB-2025 15:01:16)	 (Not Inserted)
2 , 147 , HPOIGAS , R , C , 14/12/2022 00:00:00, 	(21-FEB-2025 15:01:16)	 (Not Inserted)
2 , 86 , MANIKAR , R , C , 14/12/2022 00:00:00, 	(21-FEB-2025 15:01:16)	 (Not Inserted)
2 , 166 , ESSAREX , R , T , 14/12/2022 00:00:00, 	(21-FEB-2025 15:01:16)	 (Not Inserted)
2 , 92 , NEL , C , C , 01/03/2023 00:00:00, 	(21-FEB-2025 15:01:16)	 (Not Inserted)
2 , 92 , NEL , R , C , 14/12/2022 00:00:00, 	(21-FEB-2025 15:01:16)	 (Not Inserted)
2 , 104 , TASTELI , B , C , 01/02/2023 00:00:00, 	(21-FEB-2025 15:01:16)	 (Not Inserted)
2 , 104 , TASTELI , C , C , 01/02/2023 00:00:00, 	(21-FEB-2025 15:01:16)	 (Not Inserted)
2 , 104 , TASTELI , R , C , 30/12/2022 00:00:00, 	(21-FEB-2025 15:01:16)	 (Not Inserted)
2 , 105 , HMEL , B , C , 04/01/2023 00:00:00, 	(21-FEB-2025 15:01:16)	 (Not Inserted)
2 , 105 , HMEL , C , C , 04/01/2023 00:00:00, 	(21-FEB-2025 15:01:16)	 (Not Inserted)
2 , 105 , HMEL , R , C , 04/01/2023 00:00:00, 	(21-FEB-2025 15:01:16)	 (Not Inserted)
2 , 211 , DIL , R , T , 01/01/2023 00:00:00, 	(21-FEB-2025 15:01:16)	 (Not Inserted)
2 , 162 , BOROREN , B , C , 01/12/2023 00:00:00, 	(21-FEB-2025 15:01:16)	 (Not Inserted)
2 , 162 , BOROREN , C , C , 01/12/2023 00:00:00, 	(21-FEB-2025 15:01:16)	 (Not Inserted)
2 , 162 , BOROREN , R , C , 05/01/2023 00:00:00, 	(21-FEB-2025 15:01:16)	 (Not Inserted)
2 , 151 , KINGASP , B , C , 01/07/2023 00:00:00, 	(21-FEB-2025 15:01:16)	 (Not Inserted)
2 , 151 , KINGASP , C , C , 01/07/2023 00:00:00, 	(21-FEB-2025 15:01:16)	 (Not Inserted)
2 , 151 , KINGASP , R , C , 13/01/2023 00:00:00, 	(21-FEB-2025 15:01:16)	 (Not Inserted)
2 , 106 , RATNAGI , B , C , 14/06/2023 00:00:00, 	(21-FEB-2025 15:01:16)	 (Not Inserted)
2 , 106 , RATNAGI , R , C , 19/01/2023 00:00:00, 	(21-FEB-2025 15:01:16)	 (Not Inserted)
2 , 107 , IDOINVA , B , C , 30/04/2023 00:00:00, 	(21-FEB-2025 15:01:16)	 (Not Inserted)
2 , 107 , IDOINVA , C , C , 30/04/2023 00:00:00, 	(21-FEB-2025 15:01:16)	 (Not Inserted)
2 , 107 , IDOINVA , R , C , 27/01/2023 00:00:00, 	(21-FEB-2025 15:01:16)	 (Not Inserted)
2 , 107 , IDOINVA , B , C , 30/04/2023 00:00:00, 	(21-FEB-2025 15:01:16)	 (Not Inserted)
2 , 107 , IDOINVA , C , C , 30/04/2023 00:00:00, 	(21-FEB-2025 15:01:16)	 (Not Inserted)
2 , 107 , IDOINVA , R , C , 27/01/2023 00:00:00, 	(21-FEB-2025 15:01:16)	 (Not Inserted)
2 , 190 , AGPCGIN , B , C , 09/02/2023 00:00:00, 	(21-FEB-2025 15:01:16)	 (Not Inserted)
2 , 190 , AGPCGIN , C , C , 09/02/2023 00:00:00, 	(21-FEB-2025 15:01:16)	 (Not Inserted)
2 , 190 , AGPCGIN , R , C , 09/02/2023 00:00:00, 	(21-FEB-2025 15:01:16)	 (Not Inserted)
2 , 176 , NESTLIN , C , C , 10/02/2023 00:00:00, 	(21-FEB-2025 15:01:16)	 (Not Inserted)
2 , 176 , NESTLIN , R , C , 10/02/2023 00:00:00, 	(21-FEB-2025 15:01:16)	 (Not Inserted)
2 , 110 , SITMEFZ , R , T , 08/03/2023 00:00:00, 	(21-FEB-2025 15:01:16)	 (Not Inserted)
2 , 188 , VISHPRI , R , C , 14/03/2023 00:00:00, 	(21-FEB-2025 15:01:16)	 (Not Inserted)
2 ,  , SOMANY , R , C , 16/03/2023 00:00:00, 	(21-FEB-2025 15:01:16)	 (Not Inserted)
2 , 202 , BHOGATD , R , C , 03/04/2023 00:00:00, 	(21-FEB-2025 15:01:16)	 (Not Inserted)
2 , 186 , VEDALTD , R , C , 13/04/2023 00:00:00, 	(21-FEB-2025 15:01:16)	 (Not Inserted)
2 , 186 , VEDALTD , R , T , 13/04/2023 00:00:00, 	(21-FEB-2025 15:01:16)	 (Not Inserted)
2 , 277 , VIGASLD , R , C , 18/04/2023 00:00:00, 	(21-FEB-2025 15:01:16)	 (Not Inserted)
2 , 167 , GOLDPFG , R , C , 20/04/2023 00:00:00, 	(21-FEB-2025 15:01:16)	 (Not Inserted)
2 , 159 , CAIRENH , R , T , 17/05/2023 00:00:00, 	(21-FEB-2025 15:01:16)	 (Not Inserted)
2 , 168 , GSIGLIM , R , R , 18/05/2023 00:00:00, 	(21-FEB-2025 15:01:16)	 (Not Inserted)
2 , 122 , GAILGAS , R , C , 01/06/2023 00:00:00, 	(21-FEB-2025 15:01:16)	 (Not Inserted)
2 , 174 , KUTCHCL , R , C , 20/06/2023 00:00:00, 	(21-FEB-2025 15:01:16)	 (Not Inserted)
2 , 278 , SEMTEXP , R , C , 01/04/2023 00:00:00, 	(21-FEB-2025 15:01:16)	 (Not Inserted)
2 , 278 , SEMTEXP , R , T , 01/04/2023 00:00:00, 	(21-FEB-2025 15:01:16)	 (Not Inserted)
2 , 181 , SANENER , R , C , 21/09/2023 00:00:00, 	(21-FEB-2025 15:01:16)	 (Not Inserted)
2 , 181 , SANENER , R , T , 21/09/2023 00:00:00, 	(21-FEB-2025 15:01:16)	 (Not Inserted)
2 , 183 , SUMGLAS , B , C , 01/10/2023 00:00:00, 	(21-FEB-2025 15:01:16)	 (Not Inserted)
2 , 183 , SUMGLAS , C , C , 01/10/2023 00:00:00, 	(21-FEB-2025 15:01:16)	 (Not Inserted)
2 , 183 , SUMGLAS , R , C , 27/09/2023 00:00:00, 	(21-FEB-2025 15:01:16)	 (Not Inserted)
2 , 184 , SVTPLIN , B , C , 01/10/2023 00:00:00, 	(21-FEB-2025 15:01:16)	 (Not Inserted)
2 , 184 , SVTPLIN , C , C , 01/10/2023 00:00:00, 	(21-FEB-2025 15:01:16)	 (Not Inserted)
2 , 184 , SVTPLIN , R , C , 28/09/2023 00:00:00, 	(21-FEB-2025 15:01:16)	 (Not Inserted)
2 , 112 , SPSSETL1 , R , T , 02/10/2023 00:00:00, 	(21-FEB-2025 15:01:16)	 (Not Inserted)
2 , 113 , SIETCO , R , T , 11/10/2023 00:00:00, 	(21-FEB-2025 15:01:16)	 (Not Inserted)
2 , 123 , AVGL , B , C , 20/12/2023 00:00:00, 	(21-FEB-2025 15:01:16)	 (Not Inserted)
2 , 123 , AVGL , R , C , 20/12/2023 00:00:00, 	(21-FEB-2025 15:01:16)	 (Not Inserted)
2 , 121 , NGPL , R , C , 19/01/2024 00:00:00, 	(21-FEB-2025 15:01:16)	 (Not Inserted)
2 , 115 , SILS , R , T , 21/02/2024 00:00:00, 	(21-FEB-2025 15:01:16)	 (Not Inserted)
2 , 114 , STASCO , R , C , 14/02/2024 00:00:00, 	(21-FEB-2025 15:01:16)	 (Not Inserted)
2 , 114 , STASCO , R , T , 14/02/2024 00:00:00, 	(21-FEB-2025 15:01:16)	 (Not Inserted)
2 , 119 , ROCKIND , R , C , 23/02/2024 00:00:00, 	(21-FEB-2025 15:01:16)	 (Not Inserted)
2 , 118 , LANCOKO , R , C , 05/04/2024 00:00:00, 	(21-FEB-2025 15:01:16)	 (Not Inserted)
2 , 130 , CRMNDEL , B , C , 27/06/2024 00:00:00, 	(21-FEB-2025 15:01:16)	 (Not Inserted)
2 , 130 , CRMNDEL , C , C , 27/06/2024 00:00:00, 	(21-FEB-2025 15:01:16)	 (Not Inserted)
2 , 130 , CRMNDEL , R , C , 01/07/2024 00:00:00, 	(21-FEB-2025 15:01:16)	 (Not Inserted)
2 , 281 , SEIPLDY , R , C , 01/10/2024 00:00:00, 	(21-FEB-2025 15:01:16)	 (Not Inserted)
2 , 134 , GSINLIM , R , R , 13/01/2025 00:00:00, 	(21-FEB-2025 15:01:16)	 (Not Inserted)

TOTAL DATA IN EXCEL : ,432,,,,, 	(21-FEB-2025 15:01:16)
 

TOTAL DATA INSERTED : ,0,,,,, 	(21-FEB-2025 15:01:16)
 

TOTAL SKIPPED DATA ,432,,,,, 	(21-FEB-2025 15:01:16)
 
<<END>>,<<FMS_ENTITY_ADDR_MST>>,,,,, 	(21-FEB-2025 15:01:16)
 

<<START>>,<<FMS_COMPANY_OWNER_MST>>,,, 	(21-FEB-2025 15:01:16)
 
COMPANY_CD,CD,ABBR,EFF_DT,TIMESTAMP
2 , 2,SEIPL , 01/01/2003 00:00:00, 	(21-FEB-2025 15:01:16)
2 , 2,SEIPL , 11/10/2022 00:00:00, 	(21-FEB-2025 15:01:16)

TOTAL DATA IN EXCEL : ,2,,, 	(21-FEB-2025 15:01:16)
 

TOTAL DATA INSERTED :, 2,,, 	(21-FEB-2025 15:01:16)
 

TOTAL SKIPPED DATA ,0,,, 	(21-FEB-2025 15:01:16)
 
<<END>>,<<FMS_COMPANY_OWNER_MST>>,,, 	(21-FEB-2025 15:01:16)
 

<<START>>,<<FMS_COMPANY_OWNER_ADDR_MST>>,,, 	(21-FEB-2025 15:01:16)
 
COMPANY_CD,ABBR,ADDR_TYPE,EFF_DT,TIMESTAMP,
2  ,SEIPL , B , 26/11/2020 00:00:00, 	(21-FEB-2025 15:01:16)	 (Not Inserted)
2  ,SEIPL , C , 26/11/2020 00:00:00, 	(21-FEB-2025 15:01:16)	 (Not Inserted)
2  ,SEIPL , R , 26/11/2020 00:00:00, 	(21-FEB-2025 15:01:16)	 (Not Inserted)

TOTAL DATA IN EXCEL : ,3,,, 	(21-FEB-2025 15:01:16)
 

TOTAL DATA INSERTED : ,0,,, 	(21-FEB-2025 15:01:16)
 

TOTAL SKIPPED DATA ,3,,, 	(21-FEB-2025 15:01:16)
 
<<END>>,<<FMS_COMPANY_OWNER_ADDR_MST>>,,, 	(21-FEB-2025 15:01:16)
 

<<START>>,<<FMS_COUNTERPARTY_PLANT_DTL>>,,,,, 	(21-FEB-2025 15:01:16)
 
COMPANY_CD,CD,ABBR,ENTITY,SEQ_NO,EFF_DT,TIMESTAMP,
2 , 1 , RIL , C , 1 , 14/09/2008 00:00:00, 	(21-FEB-2025 15:01:16)	 (Not Inserted)
2 , 1 , RIL , C , 1 , 16/02/2017 00:00:00, 	(21-FEB-2025 15:01:16)	 (Not Inserted)
2 , 1 , RIL , C , 1 , 01/10/2024 00:00:00, 	(21-FEB-2025 15:01:16)	 (Not Inserted)
2 , 1 , RIL , C , 2 , 14/09/2008 00:00:00, 	(21-FEB-2025 15:01:16)	 (Not Inserted)
2 , 1 , RIL , C , 2 , 16/02/2017 00:00:00, 	(21-FEB-2025 15:01:16)	 (Not Inserted)
2 , 1 , RIL , C , 3 , 14/09/2008 00:00:00, 	(21-FEB-2025 15:01:16)	 (Not Inserted)
2 , 1 , RIL , C , 3 , 16/02/2017 00:00:00, 	(21-FEB-2025 15:01:16)	 (Not Inserted)
2 , 1 , RIL , C , 3 , 16/06/2017 00:00:00, 	(21-FEB-2025 15:01:16)	 (Not Inserted)
2 , 1 , RIL , C , 4 , 14/09/2008 00:00:00, 	(21-FEB-2025 15:01:16)	 (Not Inserted)
2 , 1 , RIL , C , 4 , 16/02/2017 00:00:00, 	(21-FEB-2025 15:01:16)	 (Not Inserted)
2 , 1 , RIL , C , 5 , 14/09/2008 00:00:00, 	(21-FEB-2025 15:01:16)	 (Not Inserted)
2 , 1 , RIL , C , 5 , 16/02/2017 00:00:00, 	(21-FEB-2025 15:01:16)	 (Not Inserted)
2 , 1 , RIL , C , 6 , 14/09/2008 00:00:00, 	(21-FEB-2025 15:01:16)	 (Not Inserted)
2 , 1 , RIL , C , 6 , 24/04/2009 00:00:00, 	(21-FEB-2025 15:01:16)	 (Not Inserted)
2 , 1 , RIL , C , 7 , 24/04/2009 00:00:00, 	(21-FEB-2025 15:01:16)	 (Not Inserted)
2 , 1 , RIL , C , 7 , 01/04/2011 00:00:00, 	(21-FEB-2025 15:01:16)	 (Not Inserted)
2 , 1 , RIL , C , 7 , 16/02/2017 00:00:00, 	(21-FEB-2025 15:01:16)	 (Not Inserted)
2 , 1 , RIL , C , 7 , 16/06/2017 00:00:00, 	(21-FEB-2025 15:01:16)	 (Not Inserted)
2 , 1 , RIL , C , 7 , 10/01/2018 00:00:00, 	(21-FEB-2025 15:01:16)	 (Not Inserted)
2 , 1 , RIL , C , 7 , 21/01/2018 00:00:00, 	(21-FEB-2025 15:01:16)	 (Not Inserted)
2 , 1 , RIL , C , 7 , 31/01/2018 00:00:00, 	(21-FEB-2025 15:01:16)	 (Not Inserted)
2 , 1 , RIL , C , 7 , 29/05/2018 00:00:00, 	(21-FEB-2025 15:01:16)	 (Not Inserted)
2 , 1 , RIL , C , 8 , 01/01/2013 00:00:00, 	(21-FEB-2025 15:01:16)	 (Not Inserted)
2 , 1 , RIL , C , 8 , 16/02/2017 00:00:00, 	(21-FEB-2025 15:01:16)	 (Not Inserted)
2 , 1 , RIL , C , 9 , 01/09/2013 00:00:00, 	(21-FEB-2025 15:01:16)	 (Not Inserted)
2 , 1 , RIL , C , 9 , 16/02/2017 00:00:00, 	(21-FEB-2025 15:01:16)	 (Not Inserted)
2 , 1 , RIL , C , 10 , 26/09/2013 00:00:00, 	(21-FEB-2025 15:01:16)	 (Not Inserted)
2 , 1 , RIL , C , 11 , 01/01/2017 00:00:00, 	(21-FEB-2025 15:01:16)	 (Not Inserted)
2 , 1 , RIL , C , 11 , 01/03/2017 00:00:00, 	(21-FEB-2025 15:01:16)	 (Not Inserted)
2 , 1 , RIL , C , 12 , 01/01/2017 00:00:00, 	(21-FEB-2025 15:01:16)	 (Not Inserted)
2 , 1 , RIL , C , 12 , 01/03/2017 00:00:00, 	(21-FEB-2025 15:01:16)	 (Not Inserted)
2 , 1 , RIL , C , 13 , 01/07/2017 00:00:00, 	(21-FEB-2025 15:01:16)	 (Not Inserted)
2 , 1 , RIL , C , 14 , 01/07/2017 00:00:00, 	(21-FEB-2025 15:01:16)	 (Not Inserted)
2 , 1 , RIL , C , 14 , 31/01/2018 00:00:00, 	(21-FEB-2025 15:01:16)	 (Not Inserted)
2 , 1 , RIL , C , 14 , 29/05/2018 00:00:00, 	(21-FEB-2025 15:01:16)	 (Not Inserted)
2 , 1 , RIL , C , 15 , 01/01/2020 00:00:00, 	(21-FEB-2025 15:01:16)	 (Not Inserted)
2 , 1 , RIL , C , 15 , 01/02/2020 00:00:00, 	(21-FEB-2025 15:01:16)	 (Not Inserted)
2 , 1 , RIL , C , 16 , 16/02/2017 00:00:00, 	(21-FEB-2025 15:01:16)	 (Not Inserted)
2 , 1 , RIL , C , 17 , 16/02/2017 00:00:00, 	(21-FEB-2025 15:01:16)	 (Not Inserted)
2 , 1 , RIL , C , 18 , 01/10/2024 00:00:00, 	(21-FEB-2025 15:01:16)	 (Not Inserted)
2 , 2 , MGL , C , 1 , 16/07/2009 00:00:00, 	(21-FEB-2025 15:01:16)	 (Not Inserted)
2 , 3 , GSPCL , C , 1 , 24/03/2005 00:00:00, 	(21-FEB-2025 15:01:16)	 (Not Inserted)
2 , 3 , GSPCL , C , 1 , 21/04/2006 00:00:00, 	(21-FEB-2025 15:01:16)	 (Not Inserted)
2 , 3 , GSPCL , C , 1 , 16/05/2024 00:00:00, 	(21-FEB-2025 15:01:16)	 (Not Inserted)
2 , 3 , GSPCL , C , 2 , 21/04/2006 00:00:00, 	(21-FEB-2025 15:01:16)	 (Not Inserted)
2 , 3 , GSPCL , C , 3 , 16/05/2024 00:00:00, 	(21-FEB-2025 15:01:16)	 (Not Inserted)
2 , 4 , Gail , C , 1 , 08/03/2007 00:00:00, 	(21-FEB-2025 15:01:16)	 (Not Inserted)
2 , 4 , Gail , C , 2 , 01/07/2022 00:00:00, 	(21-FEB-2025 15:01:16)	 (Not Inserted)
2 , 4 , Gail , C , 2 , 28/05/2024 00:00:00, 	(21-FEB-2025 15:01:16)	 (Not Inserted)
2 , 4 , Gail , C , 3 , 01/07/2022 00:00:00, 	(21-FEB-2025 15:01:16)	 (Not Inserted)
2 , 4 , Gail , C , 4 , 01/06/2023 00:00:00, 	(21-FEB-2025 15:01:16)	 (Not Inserted)
2 , 4 , Gail , C , 5 , 01/06/2023 00:00:00, 	(21-FEB-2025 15:01:16)	 (Not Inserted)
2 , 4 , Gail , C , 5 , 01/05/2024 00:00:00, 	(21-FEB-2025 15:01:16)	 (Not Inserted)
2 , 4 , Gail , C , 6 , 01/05/2024 00:00:00, 	(21-FEB-2025 15:01:16)	 (Not Inserted)
2 , 4 , Gail , C , 7 , 01/05/2024 00:00:00, 	(21-FEB-2025 15:01:16)	 (Not Inserted)
2 , 4 , Gail , C , 8 , 28/05/2024 00:00:00, 	(21-FEB-2025 15:01:16)	 (Not Inserted)
2 , 4 , Gail , R , 1 , 01/12/2022 00:00:00, 	(21-FEB-2025 15:01:16)	 (Not Inserted)
2 , 4 , Gail , R , 2 , 01/12/2022 00:00:00, 	(21-FEB-2025 15:01:16)	 (Not Inserted)
2 , 4 , Gail , R , 3 , 01/12/2022 00:00:00, 	(21-FEB-2025 15:01:16)	 (Not Inserted)
2 , 4 , Gail , R , 4 , 01/12/2022 00:00:00, 	(21-FEB-2025 15:01:16)	 (Not Inserted)
2 , 4 , Gail , R , 5 , 01/12/2022 00:00:00, 	(21-FEB-2025 15:01:16)	 (Not Inserted)
2 , 4 , Gail , R , 6 , 01/08/2023 00:00:00, 	(21-FEB-2025 15:01:16)	 (Not Inserted)
2 , 4 , Gail , R , 7 , 01/03/2024 00:00:00, 	(21-FEB-2025 15:01:16)	 (Not Inserted)
2 , 4 , Gail , R , 8 , 01/11/2024 00:00:00, 	(21-FEB-2025 15:01:16)	 (Not Inserted)
2 , 4 , Gail , R , 9 , 01/01/2025 00:00:00, 	(21-FEB-2025 15:01:16)	 (Not Inserted)
2 , 217 , ESL , C , 1 , 01/04/2006 00:00:00, 	(21-FEB-2025 15:01:16)	 (Not Inserted)
2 , 217 , ESL , C , 1 , 26/08/2006 00:00:00, 	(21-FEB-2025 15:01:16)	 (Not Inserted)
2 , 5 , NTPC , C , 2 , 01/06/2006 00:00:00, 	(21-FEB-2025 15:01:16)	 (Not Inserted)
2 , 5 , NTPC , C , 2 , 18/11/2006 00:00:00, 	(21-FEB-2025 15:01:16)	 (Not Inserted)
2 , 5 , NTPC , C , 3 , 01/06/2006 00:00:00, 	(21-FEB-2025 15:01:16)	 (Not Inserted)
2 , 5 , NTPC , C , 3 , 27/01/2007 00:00:00, 	(21-FEB-2025 15:01:16)	 (Not Inserted)
2 , 5 , NTPC , C , 4 , 27/01/2007 00:00:00, 	(21-FEB-2025 15:01:16)	 (Not Inserted)
2 , 5 , NTPC , C , 5 , 27/01/2007 00:00:00, 	(21-FEB-2025 15:01:16)	 (Not Inserted)
2 , 5 , NTPC , C , 6 , 27/01/2007 00:00:00, 	(21-FEB-2025 15:01:16)	 (Not Inserted)
2 , 6 , KRIBHCO , C , 1 , 05/12/2007 00:00:00, 	(21-FEB-2025 15:01:16)	 (Not Inserted)
2 , 7 , DFPCL , C , 1 , 03/12/2007 00:00:00, 	(21-FEB-2025 15:01:16)	 (Not Inserted)
2 , 8 , AIGL , C , 1 , 22/07/2009 00:00:00, 	(21-FEB-2025 15:01:16)	 (Not Inserted)
2 , 218 , ESEZ , C , 1 , 04/04/2008 00:00:00, 	(21-FEB-2025 15:01:16)	 (Not Inserted)
2 ,  , KSFL , C , 1 , 20/12/2007 00:00:00, 	(21-FEB-2025 15:01:16)	 (Not Inserted)
2 , 242 , MAHAGENCO , C , 1 , 16/04/2008 00:00:00, 	(21-FEB-2025 15:01:16)	 (Not Inserted)
2 , 249 , NPL , C , 1 , 28/02/2008 00:00:00, 	(21-FEB-2025 15:01:16)	 (Not Inserted)
2 , 9 , SIGIL , C , 1 , 01/04/2009 00:00:00, 	(21-FEB-2025 15:01:16)	 (Not Inserted)
2 , 9 , SIGIL , C , 1 , 01/04/2009 00:00:00, 	(21-FEB-2025 15:01:16)	 (Not Inserted)
2 , 225 , VIL , C , 1 , 12/12/2007 00:00:00, 	(21-FEB-2025 15:01:16)	 (Not Inserted)
2 , 11 , TPL , C , 1 , 04/08/2012 00:00:00, 	(21-FEB-2025 15:01:16)	 (Not Inserted)
2 , 11 , TPL , C , 1 , 20/12/2018 00:00:00, 	(21-FEB-2025 15:01:16)	 (Not Inserted)
2 , 280 , WMSL , C , 1 , 31/05/2011 00:00:00, 	(21-FEB-2025 15:01:16)	 (Not Inserted)
2 , 280 , WMSL , C , 1 , 25/11/2014 00:00:00, 	(21-FEB-2025 15:01:16)	 (Not Inserted)
2 , 12 , MNGL , C , 1 , 20/06/2013 00:00:00, 	(21-FEB-2025 15:01:16)	 (Not Inserted)
2 , 13 , IGL , C , 1 , 04/02/2011 00:00:00, 	(21-FEB-2025 15:01:16)	 (Not Inserted)
2 , 13 , IGL , C , 2 , 04/02/2011 00:00:00, 	(21-FEB-2025 15:01:16)	 (Not Inserted)
2 , 13 , IGL , C , 2 , 01/04/2024 00:00:00, 	(21-FEB-2025 15:01:16)	 (Not Inserted)
2 , 13 , IGL , C , 3 , 04/02/2011 00:00:00, 	(21-FEB-2025 15:01:16)	 (Not Inserted)
2 , 13 , IGL , C , 4 , 01/10/2022 00:00:00, 	(21-FEB-2025 15:01:16)	 (Not Inserted)
2 , 13 , IGL , C , 5 , 01/10/2022 00:00:00, 	(21-FEB-2025 15:01:16)	 (Not Inserted)
2 , 13 , IGL , C , 6 , 26/02/2024 00:00:00, 	(21-FEB-2025 15:01:16)	 (Not Inserted)
2 , 14 , BPCL , C , 1 , 24/07/2014 00:00:00, 	(21-FEB-2025 15:01:16)	 (Not Inserted)
2 , 14 , BPCL , C , 2 , 24/07/2014 00:00:00, 	(21-FEB-2025 15:01:16)	 (Not Inserted)
2 , 14 , BPCL , C , 2 , 23/02/2023 00:00:00, 	(21-FEB-2025 15:01:16)	 (Not Inserted)
2 , 14 , BPCL , C , 3 , 24/07/2014 00:00:00, 	(21-FEB-2025 15:01:16)	 (Not Inserted)
2 , 14 , BPCL , C , 4 , 25/08/2022 00:00:00, 	(21-FEB-2025 15:01:16)	 (Not Inserted)
2 , 14 , BPCL , T , 1 , 02/08/2022 00:00:00, 	(21-FEB-2025 15:01:16)	 (Not Inserted)
2 , 269 , TEL , C , 1 , 06/08/2014 00:00:00, 	(21-FEB-2025 15:01:16)	 (Not Inserted)
2 , 15 , HPCL , C , 1 , 17/11/2010 00:00:00, 	(21-FEB-2025 15:01:16)	 (Not Inserted)
2 , 15 , HPCL , C , 1 , 16/09/2014 00:00:00, 	(21-FEB-2025 15:01:16)	 (Not Inserted)
2 , 15 , HPCL , C , 1 , 01/05/2024 00:00:00, 	(21-FEB-2025 15:01:16)	 (Not Inserted)
2 , 15 , HPCL , C , 1 , 15/05/2024 00:00:00, 	(21-FEB-2025 15:01:16)	 (Not Inserted)
2 , 15 , HPCL , C , 1 , 01/01/2025 00:00:00, 	(21-FEB-2025 15:01:16)	 (Not Inserted)
2 , 15 , HPCL , C , 2 , 13/02/2015 00:00:00, 	(21-FEB-2025 15:01:16)	 (Not Inserted)
2 , 15 , HPCL , C , 3 , 01/10/2021 00:00:00, 	(21-FEB-2025 15:01:16)	 (Not Inserted)
2 , 15 , HPCL , C , 4 , 18/03/2023 00:00:00, 	(21-FEB-2025 15:01:16)	 (Not Inserted)
2 , 15 , HPCL , C , 5 , 16/07/2023 00:00:00, 	(21-FEB-2025 15:01:16)	 (Not Inserted)
2 , 15 , HPCL , C , 5 , 29/07/2023 00:00:00, 	(21-FEB-2025 15:01:16)	 (Not Inserted)
2 , 15 , HPCL , T , 1 , 01/01/2020 00:00:00, 	(21-FEB-2025 15:01:16)	 (Not Inserted)
2 , 16 , JSW , C , 1 , 31/05/2011 00:00:00, 	(21-FEB-2025 15:01:16)	 (Not Inserted)
2 , 16 , JSW , C , 1 , 25/11/2014 00:00:00, 	(21-FEB-2025 15:01:16)	 (Not Inserted)
2 , 16 , JSW , C , 1 , 31/05/2011 00:00:00, 	(21-FEB-2025 15:01:16)	 (Not Inserted)
2 , 16 , JSW , C , 1 , 25/11/2014 00:00:00, 	(21-FEB-2025 15:01:16)	 (Not Inserted)
2 , 17 , BGL , C , 1 , 28/07/2016 00:00:00, 	(21-FEB-2025 15:01:16)	 (Not Inserted)
2 , 17 , BGL , C , 1 , 28/07/2016 00:00:00, 	(21-FEB-2025 15:01:16)	 (Not Inserted)
2 , 18 , GSFC , C , 1 , 14/03/2016 00:00:00, 	(21-FEB-2025 15:01:16)	 (Not Inserted)
2 , 18 , GSFC , C , 2 , 01/01/2023 00:00:00, 	(21-FEB-2025 15:01:16)	 (Not Inserted)
2 , 228 , H-Energy , C , 1 , 14/11/2016 00:00:00, 	(21-FEB-2025 15:01:16)	 (Not Inserted)
2 , 228 , H-Energy , C , 2 , 14/11/2016 00:00:00, 	(21-FEB-2025 15:01:16)	 (Not Inserted)
2 , 160 , SIMPL , C , 1 , 14/11/2016 00:00:00, 	(21-FEB-2025 15:01:16)	 (Not Inserted)
2 , 160 , SIMPL , C , 2 , 14/11/2016 00:00:00, 	(21-FEB-2025 15:01:16)	 (Not Inserted)
2 , 160 , SIMPL , C , 1 , 14/11/2016 00:00:00, 	(21-FEB-2025 15:01:16)	 (Not Inserted)
2 , 160 , SIMPL , C , 2 , 14/11/2016 00:00:00, 	(21-FEB-2025 15:01:16)	 (Not Inserted)
2 , 19 , ATGL , C , 1 , 13/01/2017 00:00:00, 	(21-FEB-2025 15:01:16)	 (Not Inserted)
2 , 19 , ATGL , C , 2 , 06/02/2024 00:00:00, 	(21-FEB-2025 15:01:16)	 (Not Inserted)
2 , 19 , ATGL , C , 1 , 13/01/2017 00:00:00, 	(21-FEB-2025 15:01:16)	 (Not Inserted)
2 , 19 , ATGL , C , 2 , 06/02/2024 00:00:00, 	(21-FEB-2025 15:01:16)	 (Not Inserted)
2 , 20 , AMNS , C , 1 , 26/08/2006 00:00:00, 	(21-FEB-2025 15:01:16)	 (Not Inserted)
2 , 20 , AMNS , C , 1 , 18/01/2012 00:00:00, 	(21-FEB-2025 15:01:16)	 (Not Inserted)
2 , 20 , AMNS , C , 2 , 18/01/2012 00:00:00, 	(21-FEB-2025 15:01:16)	 (Not Inserted)
2 , 20 , AMNS , C , 4 , 01/12/2023 00:00:00, 	(21-FEB-2025 15:01:16)	 (Not Inserted)
2 , 20 , AMNS , T , 1 , 01/01/2020 00:00:00, 	(21-FEB-2025 15:01:16)	 (Not Inserted)
2 , 20 , AMNS , T , 2 , 01/10/2022 00:00:00, 	(21-FEB-2025 15:01:16)	 (Not Inserted)
2 ,  , SEMTPL , C , 1 , 28/07/2017 00:00:00, 	(21-FEB-2025 15:01:16)	 (Not Inserted)
2 ,  , SEMTPL , C , 1 , 01/05/2023 00:00:00, 	(21-FEB-2025 15:01:16)	 (Not Inserted)
2 ,  , SEMTPL , C , 1 , 16/05/2023 00:00:00, 	(21-FEB-2025 15:01:16)	 (Not Inserted)
2 ,  , SEMTPL , C , 2 , 28/07/2017 00:00:00, 	(21-FEB-2025 15:01:16)	 (Not Inserted)
2 ,  , SEMTPL , C , 3 , 28/07/2017 00:00:00, 	(21-FEB-2025 15:01:16)	 (Not Inserted)
2 ,  , SEMTPL , C , 3 , 16/10/2023 00:00:00, 	(21-FEB-2025 15:01:16)	 (Not Inserted)
2 ,  , SEMTPL , C , 4 , 01/03/2023 00:00:00, 	(21-FEB-2025 15:01:16)	 (Not Inserted)
2 ,  , SEMTPL , C , 4 , 01/05/2023 00:00:00, 	(21-FEB-2025 15:01:16)	 (Not Inserted)
2 ,  , SEMTPL , C , 5 , 01/03/2023 00:00:00, 	(21-FEB-2025 15:01:16)	 (Not Inserted)
2 ,  , SEMTPL , C , 6 , 01/05/2023 00:00:00, 	(21-FEB-2025 15:01:16)	 (Not Inserted)
2 ,  , SEMTPL , C , 7 , 01/06/2023 00:00:00, 	(21-FEB-2025 15:01:16)	 (Not Inserted)
2 ,  , SEMTPL , C , 8 , 01/07/2023 00:00:00, 	(21-FEB-2025 15:01:16)	 (Not Inserted)
2 ,  , SEMTPL , C , 9 , 01/07/2023 00:00:00, 	(21-FEB-2025 15:01:16)	 (Not Inserted)
2 ,  , SEMTPL , C , 10 , 15/02/2024 00:00:00, 	(21-FEB-2025 15:01:16)	 (Not Inserted)
2 ,  , SEMTPL , C , 10 , 01/05/2024 00:00:00, 	(21-FEB-2025 15:01:16)	 (Not Inserted)
2 ,  , SEMTPL , C , 11 , 01/04/2024 00:00:00, 	(21-FEB-2025 15:01:16)	 (Not Inserted)
2 ,  , SEMTPL , T , 1 , 01/09/2022 00:00:00, 	(21-FEB-2025 15:01:16)	 (Not Inserted)
2 ,  , SEMTPL , T , 2 , 01/09/2024 00:00:00, 	(21-FEB-2025 15:01:16)	 (Not Inserted)
2 ,  , SEMTPL , T , 3 , 01/09/2024 00:00:00, 	(21-FEB-2025 15:01:16)	 (Not Inserted)
2 ,  , SEMTPL , T , 4 , 01/01/2025 00:00:00, 	(21-FEB-2025 15:01:16)	 (Not Inserted)
2 , 21 , SGIPL , C , 1 , 28/11/2017 00:00:00, 	(21-FEB-2025 15:01:16)	 (Not Inserted)
2 , 21 , SGIPL , C , 3 , 28/11/2017 00:00:00, 	(21-FEB-2025 15:01:16)	 (Not Inserted)
2 , 21 , SGIPL , C , 5 , 23/03/2020 00:00:00, 	(21-FEB-2025 15:01:16)	 (Not Inserted)
2 , 22 , VGL , C , 1 , 03/07/2019 00:00:00, 	(21-FEB-2025 15:01:16)	 (Not Inserted)
2 , 22 , VGL , C , 2 , 03/07/2019 00:00:00, 	(21-FEB-2025 15:01:16)	 (Not Inserted)
2 , 22 , VGL , C , 3 , 20/12/2023 00:00:00, 	(21-FEB-2025 15:01:16)	 (Not Inserted)
2 , 23 , PGPGPL , C , 1 , 04/10/2019 00:00:00, 	(21-FEB-2025 15:01:16)	 (Not Inserted)
2 , 23 , PGPGPL , C , 1 , 01/04/2021 00:00:00, 	(21-FEB-2025 15:01:16)	 (Not Inserted)
2 , 23 , PGPGPL , C , 1 , 28/04/2021 00:00:00, 	(21-FEB-2025 15:01:16)	 (Not Inserted)
2 , 23 , PGPGPL , C , 2 , 04/10/2019 00:00:00, 	(21-FEB-2025 15:01:16)	 (Not Inserted)
2 , 23 , PGPGPL , C , 2 , 01/04/2021 00:00:00, 	(21-FEB-2025 15:01:16)	 (Not Inserted)
2 , 23 , PGPGPL , C , 2 , 28/04/2021 00:00:00, 	(21-FEB-2025 15:01:16)	 (Not Inserted)
2 , 23 , PGPGPL , C , 3 , 28/01/2025 00:00:00, 	(21-FEB-2025 15:01:16)	 (Not Inserted)
2 , 23 , PGPGPL , C , 4 , 30/01/2025 00:00:00, 	(21-FEB-2025 15:01:16)	 (Not Inserted)
2 , 23 , PGPGPL , C , 1 , 04/10/2019 00:00:00, 	(21-FEB-2025 15:01:16)	 (Not Inserted)
2 , 23 , PGPGPL , C , 1 , 01/04/2021 00:00:00, 	(21-FEB-2025 15:01:16)	 (Not Inserted)
2 , 23 , PGPGPL , C , 1 , 28/04/2021 00:00:00, 	(21-FEB-2025 15:01:16)	 (Not Inserted)
2 , 23 , PGPGPL , C , 2 , 04/10/2019 00:00:00, 	(21-FEB-2025 15:01:16)	 (Not Inserted)
2 , 23 , PGPGPL , C , 2 , 01/04/2021 00:00:00, 	(21-FEB-2025 15:01:16)	 (Not Inserted)
2 , 23 , PGPGPL , C , 2 , 28/04/2021 00:00:00, 	(21-FEB-2025 15:01:16)	 (Not Inserted)
2 , 23 , PGPGPL , C , 3 , 28/01/2025 00:00:00, 	(21-FEB-2025 15:01:16)	 (Not Inserted)
2 , 23 , PGPGPL , C , 4 , 30/01/2025 00:00:00, 	(21-FEB-2025 15:01:16)	 (Not Inserted)
2 , 23 , PGPGPL , C , 1 , 04/10/2019 00:00:00, 	(21-FEB-2025 15:01:16)	 (Not Inserted)
2 , 23 , PGPGPL , C , 1 , 01/04/2021 00:00:00, 	(21-FEB-2025 15:01:16)	 (Not Inserted)
2 , 23 , PGPGPL , C , 1 , 28/04/2021 00:00:00, 	(21-FEB-2025 15:01:16)	 (Not Inserted)
2 , 23 , PGPGPL , C , 2 , 04/10/2019 00:00:00, 	(21-FEB-2025 15:01:16)	 (Not Inserted)
2 , 23 , PGPGPL , C , 2 , 01/04/2021 00:00:00, 	(21-FEB-2025 15:01:16)	 (Not Inserted)
2 , 23 , PGPGPL , C , 2 , 28/04/2021 00:00:00, 	(21-FEB-2025 15:01:16)	 (Not Inserted)
2 , 23 , PGPGPL , C , 3 , 28/01/2025 00:00:00, 	(21-FEB-2025 15:01:16)	 (Not Inserted)
2 , 23 , PGPGPL , C , 4 , 30/01/2025 00:00:00, 	(21-FEB-2025 15:01:16)	 (Not Inserted)
2 , 24 , HCG , C , 1 , 02/12/2019 00:00:00, 	(21-FEB-2025 15:01:16)	 (Not Inserted)
2 , 25 , GGL , C , 1 , 09/12/2019 00:00:00, 	(21-FEB-2025 15:01:16)	 (Not Inserted)
2 , 26 , CFC , C , 1 , 01/01/2020 00:00:00, 	(21-FEB-2025 15:01:16)	 (Not Inserted)
2 , 26 , CFC , C , 2 , 01/01/2020 00:00:00, 	(21-FEB-2025 15:01:16)	 (Not Inserted)
2 , 26 , CFC , C , 3 , 01/01/2023 00:00:00, 	(21-FEB-2025 15:01:16)	 (Not Inserted)
2 , 27 , IFFCO , C , 1 , 01/01/2020 00:00:00, 	(21-FEB-2025 15:01:16)	 (Not Inserted)
2 , 27 , IFFCO , C , 2 , 01/01/2020 00:00:00, 	(21-FEB-2025 15:01:16)	 (Not Inserted)
2 , 27 , IFFCO , C , 3 , 01/01/2020 00:00:00, 	(21-FEB-2025 15:01:16)	 (Not Inserted)
2 , 28 , HGL-RLNG , C , 1 , 01/02/2020 00:00:00, 	(21-FEB-2025 15:01:16)	 (Not Inserted)
2 , 29 , PipeInfra , C , 1 , 01/01/2020 00:00:00, 	(21-FEB-2025 15:01:16)	 (Not Inserted)
2 , 29 , PipeInfra , C , 2 , 01/01/2020 00:00:00, 	(21-FEB-2025 15:01:16)	 (Not Inserted)
2 , 29 , PipeInfra , C , 3 , 01/01/2020 00:00:00, 	(21-FEB-2025 15:01:16)	 (Not Inserted)
2 , 29 , PipeInfra , C , 4 , 01/01/2020 00:00:00, 	(21-FEB-2025 15:01:16)	 (Not Inserted)
2 , 29 , PipeInfra , C , 5 , 01/01/2020 00:00:00, 	(21-FEB-2025 15:01:16)	 (Not Inserted)
2 , 29 , PipeInfra , C , 6 , 01/01/2020 00:00:00, 	(21-FEB-2025 15:01:16)	 (Not Inserted)
2 , 29 , PipeInfra , C , 7 , 01/01/2020 00:00:00, 	(21-FEB-2025 15:01:16)	 (Not Inserted)
2 , 29 , PipeInfra , C , 8 , 01/01/2020 00:00:00, 	(21-FEB-2025 15:01:16)	 (Not Inserted)
2 , 29 , PipeInfra , C , 9 , 01/01/2020 00:00:00, 	(21-FEB-2025 15:01:16)	 (Not Inserted)
2 , 29 , PipeInfra , C , 10 , 01/01/2020 00:00:00, 	(21-FEB-2025 15:01:16)	 (Not Inserted)
2 , 29 , PipeInfra , C , 11 , 01/01/2020 00:00:00, 	(21-FEB-2025 15:01:16)	 (Not Inserted)
2 , 29 , PipeInfra , C , 1 , 01/01/2020 00:00:00, 	(21-FEB-2025 15:01:16)	 (Not Inserted)
2 , 29 , PipeInfra , C , 2 , 01/01/2020 00:00:00, 	(21-FEB-2025 15:01:16)	 (Not Inserted)
2 , 29 , PipeInfra , C , 3 , 01/01/2020 00:00:00, 	(21-FEB-2025 15:01:16)	 (Not Inserted)
2 , 29 , PipeInfra , C , 4 , 01/01/2020 00:00:00, 	(21-FEB-2025 15:01:16)	 (Not Inserted)
2 , 29 , PipeInfra , C , 5 , 01/01/2020 00:00:00, 	(21-FEB-2025 15:01:16)	 (Not Inserted)
2 , 29 , PipeInfra , C , 6 , 01/01/2020 00:00:00, 	(21-FEB-2025 15:01:16)	 (Not Inserted)
2 , 29 , PipeInfra , C , 7 , 01/01/2020 00:00:00, 	(21-FEB-2025 15:01:16)	 (Not Inserted)
2 , 29 , PipeInfra , C , 8 , 01/01/2020 00:00:00, 	(21-FEB-2025 15:01:16)	 (Not Inserted)
2 , 29 , PipeInfra , C , 9 , 01/01/2020 00:00:00, 	(21-FEB-2025 15:01:16)	 (Not Inserted)
2 , 29 , PipeInfra , C , 10 , 01/01/2020 00:00:00, 	(21-FEB-2025 15:01:16)	 (Not Inserted)
2 , 29 , PipeInfra , C , 11 , 01/01/2020 00:00:00, 	(21-FEB-2025 15:01:16)	 (Not Inserted)
2 , 29 , PipeInfra , R , 1 , 01/12/2022 00:00:00, 	(21-FEB-2025 15:01:16)	 (Not Inserted)
2 , 29 , PipeInfra , R , 2 , 01/12/2022 00:00:00, 	(21-FEB-2025 15:01:16)	 (Not Inserted)
2 , 29 , PipeInfra , R , 3 , 02/12/2022 00:00:00, 	(21-FEB-2025 15:01:16)	 (Not Inserted)
2 , 29 , PipeInfra , R , 4 , 01/12/2022 00:00:00, 	(21-FEB-2025 15:01:16)	 (Not Inserted)
2 , 29 , PipeInfra , R , 5 , 01/12/2022 00:00:00, 	(21-FEB-2025 15:01:16)	 (Not Inserted)
2 , 29 , PipeInfra , R , 6 , 04/03/2023 00:00:00, 	(21-FEB-2025 15:01:16)	 (Not Inserted)
2 , 29 , PipeInfra , R , 7 , 01/01/2023 00:00:00, 	(21-FEB-2025 15:01:16)	 (Not Inserted)
2 , 29 , PipeInfra , R , 8 , 01/01/2025 00:00:00, 	(21-FEB-2025 15:01:16)	 (Not Inserted)
2 , 30 , NFL , C , 1 , 01/05/2020 00:00:00, 	(21-FEB-2025 15:01:16)	 (Not Inserted)
2 , 30 , NFL , C , 2 , 01/09/2022 00:00:00, 	(21-FEB-2025 15:01:16)	 (Not Inserted)
2 , 30 , NFL , C , 3 , 13/03/2023 00:00:00, 	(21-FEB-2025 15:01:16)	 (Not Inserted)
2 , 31 , HSIL , C , 1 , 01/05/2020 00:00:00, 	(21-FEB-2025 15:01:16)	 (Not Inserted)
2 , 31 , HSIL , C , 1 , 01/05/2023 00:00:00, 	(21-FEB-2025 15:01:16)	 (Not Inserted)
2 , 31 , HSIL , C , 1 , 01/01/2025 00:00:00, 	(21-FEB-2025 15:01:16)	 (Not Inserted)
2 , 32 , KFL , C , 1 , 23/07/2020 00:00:00, 	(21-FEB-2025 15:01:16)	 (Not Inserted)
2 , 32 , KFL , C , 2 , 23/07/2020 00:00:00, 	(21-FEB-2025 15:01:16)	 (Not Inserted)
2 , 197 , BIL , C , 1 , 25/06/2020 00:00:00, 	(21-FEB-2025 15:01:16)	 (Not Inserted)
2 , 254 , RIPL , C , 1 , 19/11/2020 00:00:00, 	(21-FEB-2025 15:01:16)	 (Not Inserted)
2 , 207 , CP , C , 1 , 15/10/2020 00:00:00, 	(21-FEB-2025 15:01:16)	 (Not Inserted)
2 ,  , HHFG DLNG , C , 1 , 26/10/2020 00:00:00, 	(21-FEB-2025 15:01:16)	 (Not Inserted)
2 , 187 , VIDUWIL , C , 1 , 01/01/2021 00:00:00, 	(21-FEB-2025 15:01:16)	 (Not Inserted)
2 , 33 , AGP CGD , C , 1 , 25/01/2021 00:00:00, 	(21-FEB-2025 15:01:16)	 (Not Inserted)
2 , 33 , AGP CGD , C , 2 , 01/02/2023 00:00:00, 	(21-FEB-2025 15:01:16)	 (Not Inserted)
2 , 34 , MINDA , C , 1 , 29/01/2021 00:00:00, 	(21-FEB-2025 15:01:16)	 (Not Inserted)
2 , 34 , MINDA , C , 2 , 28/07/2022 00:00:00, 	(21-FEB-2025 15:01:16)	 (Not Inserted)
2 , 238 , LEIPL , C , 1 , 04/11/2020 00:00:00, 	(21-FEB-2025 15:01:16)	 (Not Inserted)
2 , 35 , SCHOTT , C , 1 , 24/02/2020 00:00:00, 	(21-FEB-2025 15:01:16)	 (Not Inserted)
2 , 36 , HIL , C , 1 , 01/01/2021 00:00:00, 	(21-FEB-2025 15:01:16)	 (Not Inserted)
2 , 36 , HIL , C , 2 , 01/05/2021 00:00:00, 	(21-FEB-2025 15:01:16)	 (Not Inserted)
2 , 36 , HIL , C , 3 , 21/01/2022 00:00:00, 	(21-FEB-2025 15:01:16)	 (Not Inserted)
2 , 36 , HIL , C , 4 , 01/06/2023 00:00:00, 	(21-FEB-2025 15:01:16)	 (Not Inserted)
2 , 37 , HCGD-B , C , 1 , 01/04/2021 00:00:00, 	(21-FEB-2025 15:01:16)	 (Not Inserted)
2 , 198 , BIPL , C , 1 , 21/07/2020 00:00:00, 	(21-FEB-2025 15:01:16)	 (Not Inserted)
2 , 198 , BIPL , C , 2 , 24/09/2024 00:00:00, 	(21-FEB-2025 15:01:16)	 (Not Inserted)
2 , 220 , EXXARO , C , 1 , 23/06/2021 00:00:00, 	(21-FEB-2025 15:01:16)	 (Not Inserted)
2 , 220 , EXXARO , C , 1 , 23/06/2021 00:00:00, 	(21-FEB-2025 15:01:16)	 (Not Inserted)
2 , 257 , STVPL , C , 1 , 18/02/2021 00:00:00, 	(21-FEB-2025 15:01:16)	 (Not Inserted)
2 , 257 , STVPL , C , 1 , 18/02/2021 00:00:00, 	(21-FEB-2025 15:01:16)	 (Not Inserted)
2 , 233 , JGPL , C , 1 , 18/02/2021 00:00:00, 	(21-FEB-2025 15:01:16)	 (Not Inserted)
2 , 233 , JGPL , C , 1 , 18/02/2021 00:00:00, 	(21-FEB-2025 15:01:16)	 (Not Inserted)
2 , 279 , WALLCERA , C , 1 , 17/02/2021 00:00:00, 	(21-FEB-2025 15:01:16)	 (Not Inserted)
2 , 193 , ASTIS , C , 1 , 17/02/2021 00:00:00, 	(21-FEB-2025 15:01:16)	 (Not Inserted)
2 , 193 , ASTIS , C , 1 , 17/02/2021 00:00:00, 	(21-FEB-2025 15:01:16)	 (Not Inserted)
2 , 109 , PROTON , C , 1 , 16/06/2021 00:00:00, 	(21-FEB-2025 15:01:16)	 (Not Inserted)
2 , 109 , PROTON , C , 1 , 16/06/2021 00:00:00, 	(21-FEB-2025 15:01:16)	 (Not Inserted)
2 , 109 , PROTON , C , 1 , 16/06/2021 00:00:00, 	(21-FEB-2025 15:01:16)	 (Not Inserted)
2 , 192 , ANTIQUE , C , 1 , 16/06/2021 00:00:00, 	(21-FEB-2025 15:01:16)	 (Not Inserted)
2 , 192 , ANTIQUE , C , 1 , 16/06/2021 00:00:00, 	(21-FEB-2025 15:01:16)	 (Not Inserted)
2 , 192 , ANTIQUE , C , 1 , 16/06/2021 00:00:00, 	(21-FEB-2025 15:01:16)	 (Not Inserted)
2 ,  , ACER , C , 1 , 16/06/2021 00:00:00, 	(21-FEB-2025 15:01:16)	 (Not Inserted)
2 ,  , ACER , C , 1 , 16/06/2021 00:00:00, 	(21-FEB-2025 15:01:16)	 (Not Inserted)
2 ,  , ACER , C , 1 , 16/06/2021 00:00:00, 	(21-FEB-2025 15:01:16)	 (Not Inserted)
2 , 38 , KAJARIA , C , 1 , 30/11/2020 00:00:00, 	(21-FEB-2025 15:01:16)	 (Not Inserted)
2 , 38 , KAJARIA , C , 2 , 01/02/2023 00:00:00, 	(21-FEB-2025 15:01:16)	 (Not Inserted)
2 , 222 , GASGROWS , C , 1 , 07/05/2020 00:00:00, 	(21-FEB-2025 15:01:16)	 (Not Inserted)
2 , 222 , GASGROWS , C , 1 , 07/05/2020 00:00:00, 	(21-FEB-2025 15:01:16)	 (Not Inserted)
2 , 39 , SISECAM , C , 1 , 09/06/2021 00:00:00, 	(21-FEB-2025 15:01:16)	 (Not Inserted)
2 , 40 , ATPL , C , 1 , 17/12/2020 00:00:00, 	(21-FEB-2025 15:01:16)	 (Not Inserted)
2 , 40 , ATPL , C , 2 , 05/04/2022 00:00:00, 	(21-FEB-2025 15:01:16)	 (Not Inserted)
2 , 41 , OPAL , C , 1 , 28/07/2021 00:00:00, 	(21-FEB-2025 15:01:16)	 (Not Inserted)
2 , 234 , JKPAPER , C , 1 , 02/08/2021 00:00:00, 	(21-FEB-2025 15:01:16)	 (Not Inserted)
2 , 263 , STL , C , 1 , 25/08/2021 00:00:00, 	(21-FEB-2025 15:01:16)	 (Not Inserted)
2 , 273 , UEPL , C , 1 , 03/09/2021 00:00:00, 	(21-FEB-2025 15:01:16)	 (Not Inserted)
2 , 273 , UEPL , C , 1 , 03/09/2021 00:00:00, 	(21-FEB-2025 15:01:16)	 (Not Inserted)
2 , 206 , CELLO , C , 1 , 01/12/2021 00:00:00, 	(21-FEB-2025 15:01:16)	 (Not Inserted)
2 , 204 , CALDERYS , C , 1 , 20/12/2021 00:00:00, 	(21-FEB-2025 15:01:16)	 (Not Inserted)
2 , 204 , CALDERYS , C , 1 , 20/12/2021 00:00:00, 	(21-FEB-2025 15:01:16)	 (Not Inserted)
2 , 42 , RCF , C , 1 , 30/12/2021 00:00:00, 	(21-FEB-2025 15:01:16)	 (Not Inserted)
2 , 42 , RCF , C , 2 , 06/09/2022 00:00:00, 	(21-FEB-2025 15:01:16)	 (Not Inserted)
2 , 201 , BWRL , C , 1 , 25/01/2022 00:00:00, 	(21-FEB-2025 15:01:16)	 (Not Inserted)
2 , 235 , KRYO , C , 1 , 31/01/2022 00:00:00, 	(21-FEB-2025 15:01:16)	 (Not Inserted)
2 , 235 , KRYO , C , 1 , 31/01/2022 00:00:00, 	(21-FEB-2025 15:01:16)	 (Not Inserted)
2 , 276 , VIRGO , C , 1 , 12/02/2022 00:00:00, 	(21-FEB-2025 15:01:16)	 (Not Inserted)
2 , 196 , BLPL , C , 1 , 02/03/2022 00:00:00, 	(21-FEB-2025 15:01:16)	 (Not Inserted)
2 , 223 , GIPSKARTON , C , 1 , 24/03/2022 00:00:00, 	(21-FEB-2025 15:01:16)	 (Not Inserted)
2 , 1 , RIL , T , 1 , 01/01/2022 00:00:00, 	(21-FEB-2025 15:01:16)	 (Not Inserted)
2 , 1 , RIL , T , 2 , 01/07/2024 00:00:00, 	(21-FEB-2025 15:01:16)	 (Not Inserted)
2 , 1 , RIL , T , 3 , 01/10/2024 00:00:00, 	(21-FEB-2025 15:01:16)	 (Not Inserted)
2 , 43 , BP , T , 1 , 01/01/2022 00:00:00, 	(21-FEB-2025 15:01:16)	 (Not Inserted)
2 , 1 , RIL , T , 4 , 25/03/2022 00:00:00, 	(21-FEB-2025 15:01:16)	 (Not Inserted)
2 , 1 , RIL , T , 5 , 25/03/2022 00:00:00, 	(21-FEB-2025 15:01:16)	 (Not Inserted)
2 , 29 , PipeInfra , R , 9 , 23/03/2018 00:00:00, 	(21-FEB-2025 15:01:16)	 (Not Inserted)
2 , 45 , GSPL , R , 1 , 01/12/2022 00:00:00, 	(21-FEB-2025 15:01:16)	 (Not Inserted)
2 , 45 , GSPL , R , 2 , 01/12/2022 00:00:00, 	(21-FEB-2025 15:01:16)	 (Not Inserted)
2 , 45 , GSPL , R , 3 , 01/06/2023 00:00:00, 	(21-FEB-2025 15:01:16)	 (Not Inserted)
2 , 45 , GSPL , R , 4 , 01/11/2023 00:00:00, 	(21-FEB-2025 15:01:16)	 (Not Inserted)
2 , 4 , Gail , R , 10 , 08/03/2007 00:00:00, 	(21-FEB-2025 15:01:16)	 (Not Inserted)
2 , 4 , Gail , R , 11 , 01/01/2020 00:00:00, 	(21-FEB-2025 15:01:16)	 (Not Inserted)
2 , 4 , Gail , R , 12 , 01/03/2021 00:00:00, 	(21-FEB-2025 15:01:16)	 (Not Inserted)
2 , 29 , PipeInfra , R , 10 , 01/01/2021 00:00:00, 	(21-FEB-2025 15:01:16)	 (Not Inserted)
2 , 29 , PipeInfra , R , 11 , 01/01/2021 00:00:00, 	(21-FEB-2025 15:01:16)	 (Not Inserted)
2 , 29 , PipeInfra , R , 12 , 01/01/2021 00:00:00, 	(21-FEB-2025 15:01:16)	 (Not Inserted)
2 , 4 , Gail , R , 13 , 01/10/2021 00:00:00, 	(21-FEB-2025 15:01:16)	 (Not Inserted)
2 , 53 , RGPL , R , 1 , 31/03/2022 00:00:00, 	(21-FEB-2025 15:01:16)	 (Not Inserted)
2 , 46 , TGLPL , C , 1 , 29/04/2022 00:00:00, 	(21-FEB-2025 15:01:16)	 (Not Inserted)
2 , 46 , TGLPL , C , 2 , 01/07/2022 00:00:00, 	(21-FEB-2025 15:01:16)	 (Not Inserted)
2 , 47 , TGBPL , C , 1 , 29/04/2022 00:00:00, 	(21-FEB-2025 15:01:16)	 (Not Inserted)
2 , 47 , TGBPL , C , 2 , 29/04/2022 00:00:00, 	(21-FEB-2025 15:01:16)	 (Not Inserted)
2 , 48 , BGEPL , C , 1 , 29/04/2022 00:00:00, 	(21-FEB-2025 15:01:16)	 (Not Inserted)
2 , 231 , IMCL , C , 1 , 12/05/2022 00:00:00, 	(21-FEB-2025 15:01:16)	 (Not Inserted)
2 , 29 , PipeInfra , R , 13 , 13/05/2022 00:00:00, 	(21-FEB-2025 15:01:16)	 (Not Inserted)
2 , 49 , VVF India , C , 1 , 14/05/2022 00:00:00, 	(21-FEB-2025 15:01:16)	 (Not Inserted)
2 , 50 , GNFC , C , 1 , 24/05/2022 00:00:00, 	(21-FEB-2025 15:01:16)	 (Not Inserted)
2 , 50 , GNFC , C , 2 , 01/01/2023 00:00:00, 	(21-FEB-2025 15:01:16)	 (Not Inserted)
2 , 140 , MEGHHQX , C , 1 , 03/06/2022 00:00:00, 	(21-FEB-2025 15:01:16)	 (Not Inserted)
2 , 51 , ONGC , T , 1 , 20/07/2022 00:00:00, 	(21-FEB-2025 15:01:16)	 (Not Inserted)
2 , 52 , GLIL , C , 1 , 08/06/2022 00:00:00, 	(21-FEB-2025 15:01:16)	 (Not Inserted)
2 , 52 , GLIL , C , 2 , 08/06/2022 00:00:00, 	(21-FEB-2025 15:01:16)	 (Not Inserted)
2 , 52 , GLIL , C , 3 , 08/06/2022 00:00:00, 	(21-FEB-2025 15:01:16)	 (Not Inserted)
2 , 52 , GLIL , C , 4 , 28/03/2023 00:00:00, 	(21-FEB-2025 15:01:16)	 (Not Inserted)
2 , 272 , UGEL , C , 1 , 25/06/2022 00:00:00, 	(21-FEB-2025 15:01:16)	 (Not Inserted)
2 , 255 , SGI-AP , C , 1 , 27/06/2022 00:00:00, 	(21-FEB-2025 15:01:16)	 (Not Inserted)
2 , 53 , RGPL , R , 2 , 01/12/2022 00:00:00, 	(21-FEB-2025 15:01:16)	 (Not Inserted)
2 , 224 , GTIPL , C , 1 , 01/07/2022 00:00:00, 	(21-FEB-2025 15:01:16)	 (Not Inserted)
2 , 117 , PEPL , C , 1 , 13/07/2022 00:00:00, 	(21-FEB-2025 15:01:16)	 (Not Inserted)
2 , 117 , PEPL , C , 2 , 28/02/2024 00:00:00, 	(21-FEB-2025 15:01:16)	 (Not Inserted)
2 , 54 , GFCL , C , 1 , 14/07/2022 00:00:00, 	(21-FEB-2025 15:01:16)	 (Not Inserted)
2 , 54 , GFCL , C , 2 , 28/04/2023 00:00:00, 	(21-FEB-2025 15:01:16)	 (Not Inserted)
2 ,  , DERL , T , 1 , 16/08/2022 00:00:00, 	(21-FEB-2025 15:01:16)	 (Not Inserted)
2 , 55 , CPL , C , 1 , 16/08/2022 00:00:00, 	(21-FEB-2025 15:01:16)	 (Not Inserted)
2 , 56 , IRM , C , 1 , 24/08/2022 00:00:00, 	(21-FEB-2025 15:01:16)	 (Not Inserted)
2 , 56 , IRM , C , 1 , 24/08/2022 00:00:00, 	(21-FEB-2025 15:01:16)	 (Not Inserted)
2 , 57 , PPL , C , 1 , 26/08/2022 00:00:00, 	(21-FEB-2025 15:01:16)	 (Not Inserted)
2 , 58 , YARALTD , C , 1 , 06/09/2022 00:00:00, 	(21-FEB-2025 15:01:16)	 (Not Inserted)
2 , 59 , INPEROX , C , 1 , 13/09/2022 00:00:00, 	(21-FEB-2025 15:01:16)	 (Not Inserted)
2 , 60 , RAFECHL , C , 1 , 01/09/2022 00:00:00, 	(21-FEB-2025 15:01:16)	 (Not Inserted)
2 , 60 , RAFECHL , C , 1 , 01/01/2025 00:00:00, 	(21-FEB-2025 15:01:16)	 (Not Inserted)
2 , 124 , MGRPL , C , 1 , 01/12/2022 00:00:00, 	(21-FEB-2025 15:01:16)	 (Not Inserted)
2 , 124 , MGRPL , T , 1 , 01/10/2022 00:00:00, 	(21-FEB-2025 15:01:16)	 (Not Inserted)
2 , 124 , MGRPL , T , 2 , 01/03/2024 00:00:00, 	(21-FEB-2025 15:01:16)	 (Not Inserted)
2 , 208 , CNTENKA , C , 1 , 17/10/2022 00:00:00, 	(21-FEB-2025 15:01:16)	 (Not Inserted)
2 , 61 , EFSPL , C , 1 , 01/05/2023 00:00:00, 	(21-FEB-2025 15:01:16)	 (Not Inserted)
2 , 61 , EFSPL , T , 1 , 25/10/2022 00:00:00, 	(21-FEB-2025 15:01:16)	 (Not Inserted)
2 , 61 , EFSPL , T , 2 , 25/11/2024 00:00:00, 	(21-FEB-2025 15:01:16)	 (Not Inserted)
2 , 158 , HINDURV , C , 1 , 28/02/2023 00:00:00, 	(21-FEB-2025 15:01:16)	 (Not Inserted)
2 , 158 , HINDURV , C , 2 , 01/03/2023 00:00:00, 	(21-FEB-2025 15:01:16)	 (Not Inserted)
2 , 227 , HCGPUTE , C , 1 , 21/11/2022 00:00:00, 	(21-FEB-2025 15:01:16)	 (Not Inserted)
2 , 63 , GOAGLSF , C , 1 , 25/11/2022 00:00:00, 	(21-FEB-2025 15:01:16)	 (Not Inserted)
2 , 64 , IGSPL , C , 1 , 25/11/2022 00:00:00, 	(21-FEB-2025 15:01:16)	 (Not Inserted)
2 , 64 , IGSPL , C , 1 , 01/05/2023 00:00:00, 	(21-FEB-2025 15:01:16)	 (Not Inserted)
2 , 64 , IGSPL , C , 2 , 01/05/2023 00:00:00, 	(21-FEB-2025 15:01:16)	 (Not Inserted)
2 , 64 , IGSPL , C , 1 , 25/11/2022 00:00:00, 	(21-FEB-2025 15:01:16)	 (Not Inserted)
2 , 64 , IGSPL , C , 1 , 01/05/2023 00:00:00, 	(21-FEB-2025 15:01:16)	 (Not Inserted)
2 , 64 , IGSPL , C , 2 , 01/05/2023 00:00:00, 	(21-FEB-2025 15:01:16)	 (Not Inserted)
2 , 64 , IGSPL , T , 1 , 01/09/2023 00:00:00, 	(21-FEB-2025 15:01:16)	 (Not Inserted)
2 , 64 , IGSPL , T , 2 , 01/10/2023 00:00:00, 	(21-FEB-2025 15:01:16)	 (Not Inserted)
2 , 65 , PEFORCV , C , 1 , 01/12/2022 00:00:00, 	(21-FEB-2025 15:01:16)	 (Not Inserted)
2 , 65 , PEFORCV , C , 1 , 08/12/2022 00:00:00, 	(21-FEB-2025 15:01:16)	 (Not Inserted)
2 , 66 , BHEL , C , 1 , 01/05/2024 00:00:00, 	(21-FEB-2025 15:01:16)	 (Not Inserted)
2 , 66 , BHEL , C , 2 , 01/05/2024 00:00:00, 	(21-FEB-2025 15:01:16)	 (Not Inserted)
2 , 210 , COMFIND , C , 1 , 01/08/2023 00:00:00, 	(21-FEB-2025 15:01:16)	 (Not Inserted)
2 , 67 , DCMSHRI , C , 1 , 29/03/2023 00:00:00, 	(21-FEB-2025 15:01:16)	 (Not Inserted)
2 , 81 , HOECLTD , C , 1 , 01/03/2024 00:00:00, 	(21-FEB-2025 15:01:16)	 (Not Inserted)
2 , 81 , HOECLTD , T , 1 , 01/03/2024 00:00:00, 	(21-FEB-2025 15:01:16)	 (Not Inserted)
2 , 144 , HINAGIL , C , 1 , 15/04/2024 00:00:00, 	(21-FEB-2025 15:01:16)	 (Not Inserted)
2 , 147 , HPOIGAS , C , 1 , 20/12/2023 00:00:00, 	(21-FEB-2025 15:01:16)	 (Not Inserted)
2 , 86 , MANIKAR , C , 1 , 20/07/2023 00:00:00, 	(21-FEB-2025 15:01:16)	 (Not Inserted)
2 , 166 , ESSAREX , T , 1 , 01/09/2023 00:00:00, 	(21-FEB-2025 15:01:16)	 (Not Inserted)
2 , 92 , NEL , C , 1 , 01/03/2023 00:00:00, 	(21-FEB-2025 15:01:16)	 (Not Inserted)
2 , 104 , TASTELI , C , 1 , 01/02/2023 00:00:00, 	(21-FEB-2025 15:01:16)	 (Not Inserted)
2 , 104 , TASTELI , C , 1 , 26/02/2024 00:00:00, 	(21-FEB-2025 15:01:16)	 (Not Inserted)
2 , 105 , HMEL , C , 1 , 04/01/2023 00:00:00, 	(21-FEB-2025 15:01:16)	 (Not Inserted)
2 , 105 , HMEL , C , 1 , 06/01/2023 00:00:00, 	(21-FEB-2025 15:01:16)	 (Not Inserted)
2 , 105 , HMEL , C , 2 , 01/07/2023 00:00:00, 	(21-FEB-2025 15:01:16)	 (Not Inserted)
2 , 105 , HMEL , C , 2 , 08/07/2023 00:00:00, 	(21-FEB-2025 15:01:16)	 (Not Inserted)
2 , 105 , HMEL , C , 3 , 20/12/2023 00:00:00, 	(21-FEB-2025 15:01:16)	 (Not Inserted)
2 , 105 , HMEL , C , 4 , 29/02/2024 00:00:00, 	(21-FEB-2025 15:01:16)	 (Not Inserted)
2 , 105 , HMEL , C , 5 , 26/07/2024 00:00:00, 	(21-FEB-2025 15:01:16)	 (Not Inserted)
2 , 105 , HMEL , C , 6 , 26/07/2024 00:00:00, 	(21-FEB-2025 15:01:16)	 (Not Inserted)
2 , 211 , DIL , T , 1 , 01/01/2023 00:00:00, 	(21-FEB-2025 15:01:16)	 (Not Inserted)
2 , 162 , BOROREN , C , 1 , 01/12/2023 00:00:00, 	(21-FEB-2025 15:01:16)	 (Not Inserted)
2 , 151 , KINGASP , C , 1 , 01/07/2023 00:00:00, 	(21-FEB-2025 15:01:16)	 (Not Inserted)
2 , 151 , KINGASP , C , 2 , 01/07/2023 00:00:00, 	(21-FEB-2025 15:01:16)	 (Not Inserted)
2 , 106 , RATNAGI , C , 1 , 14/06/2023 00:00:00, 	(21-FEB-2025 15:01:16)	 (Not Inserted)
2 , 107 , IDOINVA , C , 1 , 27/01/2023 00:00:00, 	(21-FEB-2025 15:01:16)	 (Not Inserted)
2 , 190 , AGPCGIN , C , 1 , 09/02/2023 00:00:00, 	(21-FEB-2025 15:01:16)	 (Not Inserted)
2 , 190 , AGPCGIN , C , 2 , 10/02/2023 00:00:00, 	(21-FEB-2025 15:01:16)	 (Not Inserted)
2 , 176 , NESTLIN , C , 1 , 10/02/2023 00:00:00, 	(21-FEB-2025 15:01:16)	 (Not Inserted)
2 , 188 , VISHPRI , C , 1 , 14/03/2023 00:00:00, 	(21-FEB-2025 15:01:16)	 (Not Inserted)
2 ,  , SOMANY , C , 1 , 16/03/2023 00:00:00, 	(21-FEB-2025 15:01:16)	 (Not Inserted)
2 , 202 , BHOGATD , C , 1 , 10/07/2023 00:00:00, 	(21-FEB-2025 15:01:16)	 (Not Inserted)
2 , 202 , BHOGATD , C , 2 , 18/07/2023 00:00:00, 	(21-FEB-2025 15:01:16)	 (Not Inserted)
2 , 186 , VEDALTD , C , 1 , 13/04/2023 00:00:00, 	(21-FEB-2025 15:01:16)	 (Not Inserted)
2 , 186 , VEDALTD , T , 1 , 13/04/2023 00:00:00, 	(21-FEB-2025 15:01:16)	 (Not Inserted)
2 , 277 , VIGASLD , C , 1 , 24/04/2023 00:00:00, 	(21-FEB-2025 15:01:16)	 (Not Inserted)
2 , 167 , GOLDPFG , C , 1 , 21/04/2023 00:00:00, 	(21-FEB-2025 15:01:16)	 (Not Inserted)
2 , 159 , CAIRENH , T , 1 , 17/05/2023 00:00:00, 	(21-FEB-2025 15:01:16)	 (Not Inserted)
2 , 168 , GSIGLIM , R , 1 , 01/06/2023 00:00:00, 	(21-FEB-2025 15:01:16)	 (Not Inserted)
2 , 168 , GSIGLIM , R , 2 , 01/06/2023 00:00:00, 	(21-FEB-2025 15:01:16)	 (Not Inserted)
2 , 122 , GAILGAS , C , 1 , 01/06/2023 00:00:00, 	(21-FEB-2025 15:01:16)	 (Not Inserted)
2 , 122 , GAILGAS , C , 2 , 28/02/2024 00:00:00, 	(21-FEB-2025 15:01:16)	 (Not Inserted)
2 , 174 , KUTCHCL , C , 1 , 08/03/2024 00:00:00, 	(21-FEB-2025 15:01:16)	 (Not Inserted)
2 , 278 , SEMTEXP , C , 1 , 01/01/2023 00:00:00, 	(21-FEB-2025 15:01:16)	 (Not Inserted)
2 , 278 , SEMTEXP , C , 2 , 01/09/2023 00:00:00, 	(21-FEB-2025 15:01:16)	 (Not Inserted)
2 , 278 , SEMTEXP , C , 3 , 01/09/2023 00:00:00, 	(21-FEB-2025 15:01:16)	 (Not Inserted)
2 , 181 , SANENER , C , 1 , 01/01/2024 00:00:00, 	(21-FEB-2025 15:01:16)	 (Not Inserted)
2 , 181 , SANENER , T , 1 , 21/11/2024 00:00:00, 	(21-FEB-2025 15:01:16)	 (Not Inserted)
2 , 183 , SUMGLAS , C , 1 , 01/10/2023 00:00:00, 	(21-FEB-2025 15:01:16)	 (Not Inserted)
2 , 184 , SVTPLIN , C , 1 , 01/10/2023 00:00:00, 	(21-FEB-2025 15:01:16)	 (Not Inserted)
2 , 123 , AVGL , C , 1 , 20/12/2023 00:00:00, 	(21-FEB-2025 15:01:16)	 (Not Inserted)
2 , 121 , NGPL , C , 1 , 19/01/2024 00:00:00, 	(21-FEB-2025 15:01:16)	 (Not Inserted)
2 , 119 , ROCKIND , C , 1 , 23/02/2024 00:00:00, 	(21-FEB-2025 15:01:16)	 (Not Inserted)
2 , 118 , LANCOKO , C , 1 , 05/04/2024 00:00:00, 	(21-FEB-2025 15:01:16)	 (Not Inserted)
2 , 130 , CRMNDEL , C , 1 , 27/06/2024 00:00:00, 	(21-FEB-2025 15:01:16)	 (Not Inserted)
2 , 281 , SEIPLDY , C , 1 , 01/10/2024 00:00:00, 	(21-FEB-2025 15:01:16)	 (Not Inserted)
2 , 281 , SEIPLDY , C , 2 , 01/01/2025 00:00:00, 	(21-FEB-2025 15:01:16)	 (Not Inserted)
2 , 281 , SEIPLDY , C , 3 , 01/01/2025 00:00:00, 	(21-FEB-2025 15:01:16)	 (Not Inserted)
2 , 281 , SEIPLDY , C , 4 , 01/01/2025 00:00:00, 	(21-FEB-2025 15:01:16)	 (Not Inserted)
2 , 281 , SEIPLDY , C , 5 , 01/01/2025 00:00:00, 	(21-FEB-2025 15:01:16)	 (Not Inserted)
2 , 134 , GSINLIM , R , 1 , 13/01/2025 00:00:00, 	(21-FEB-2025 15:01:16)	 (Not Inserted)
2 , 2 , SEIPL , B , 1 , 11/10/2022 00:00:00, 	(21-FEB-2025 15:01:16)	 (Not Inserted)
2 , 2 , SEIPL , B , 1 , 01/01/2003 00:00:00, 	(21-FEB-2025 15:01:16)	 (Not Inserted)
2 , 2 , SEIPL , B , 1 , 11/10/2022 00:00:00, 	(21-FEB-2025 15:01:16)	 (Not Inserted)
2 , 2 , SEIPL , B , 1 , 01/01/2003 00:00:00, 	(21-FEB-2025 15:01:16)	 (Not Inserted)
2 , 2 , SEIPL , B , 1 , 11/10/2022 00:00:00, 	(21-FEB-2025 15:01:16)	 (Not Inserted)
2 , 2 , SEIPL , B , 1 , 01/01/2003 00:00:00, 	(21-FEB-2025 15:01:16)	 (Not Inserted)
2 , 2 , SEIPL , B , 2 , 26/04/2021 00:00:00, 	(21-FEB-2025 15:01:16)	 (Not Inserted)
2 , 2 , SEIPL , B , 3 , 01/04/2023 00:00:00, 	(21-FEB-2025 15:01:16)	 (Not Inserted)
2 , 2 , SEIPL , B , 3 , 22/06/2024 00:00:00, 	(21-FEB-2025 15:01:16)	 (Not Inserted)
2 , 2 , SEIPL , B , 2 , 26/04/2021 00:00:00, 	(21-FEB-2025 15:01:16)	 (Not Inserted)
2 , 2 , SEIPL , B , 3 , 01/04/2023 00:00:00, 	(21-FEB-2025 15:01:16)	 (Not Inserted)
2 , 2 , SEIPL , B , 3 , 22/06/2024 00:00:00, 	(21-FEB-2025 15:01:16)	 (Not Inserted)

TOTAL DATA IN EXCEL : ,441,,,,, 	(21-FEB-2025 15:01:16)
 

TOTAL DATA INSERTED : ,0,,,,, 	(21-FEB-2025 15:01:16)
 

TOTAL SKIPPED DATA ,441,,,,, 	(21-FEB-2025 15:01:16)
 
<<END>>,<<FMS_COUNTERPARTY_PLANT_DTL>>,,,,, 	(21-FEB-2025 15:01:16)
 

<<START>>,<<FMS_COUNTERPARTY_BU_DTL>>,,,,, 	(21-FEB-2025 15:01:16)
 
COMPANY_CD,CD,ABBR,ENTITY,SEQ_NO,EFF_DT,TIMESTAMP
2 , 264 , SSAPL , SGSINDIA , 1 , 01/04/2013 00:00:00, 	(21-FEB-2025 15:01:16)
**********AutomationEMS Error  (21-FEB-2025 15:01:16) **********
java.sql.SQLException: ORA-12899: value too large for column "EMS"."FMS_COUNTERPARTY_BU_DTL"."ENTITY" (actual: 8, maximum: 1)


com.etrm.fms.migration.Master_SEIPL_Data_Reader.FMS_COUNTERPARTY_BU_DTL(Master_SEIPL_Data_Reader.java:2509)
com.etrm.fms.migration.Master_SEIPL_Data_Reader.init(Master_SEIPL_Data_Reader.java:157)
**************************************************

<<FUNCTION FMS_COUNTERPARTY_BU_DTL() ENDED WITH ERRORS>>


<<START>>,<<FMS_BANK_MST>>,,, 	(21-FEB-2025 15:01:16)
 
CD,BANK_NAME,BANK_ABBR,EFF_DT,TIMESTAMP
1024 , STANDARD CHARTERED BANK , NULL , 01/01/2010 00:00:00, 	(21-FEB-2025 15:01:16)	 (Not Inserted)
1024 , Mizuho Bank, Ltd , MIZUHO , 01/06/2023 00:00:00, 	(21-FEB-2025 15:01:16)	 (Not Inserted)
1024 , RBL Bank Ltd , RBL , 26/02/2024 00:00:00, 	(21-FEB-2025 15:01:16)	 (Not Inserted)
1024 , ICICI Bank Ltd , ICICI , 24/03/2021 00:00:00, 	(21-FEB-2025 15:01:16)	 (Not Inserted)
1024 , HDFC Bank Ltd , HDFC , 24/03/2021 00:00:00, 	(21-FEB-2025 15:01:16)	 (Not Inserted)
1024 , Axis Bank Ltd , AXIS , 24/03/2021 00:00:00, 	(21-FEB-2025 15:01:16)	 (Not Inserted)
1024 , Bank of Baroda , BOB , 24/03/2021 00:00:00, 	(21-FEB-2025 15:01:16)	 (Not Inserted)
1024 , Indian Bank , IB , 24/03/2021 00:00:00, 	(21-FEB-2025 15:01:16)	 (Not Inserted)
1024 , Standard Chartered Bank  , SCB , 24/03/2021 00:00:00, 	(21-FEB-2025 15:01:16)	 (Not Inserted)
1024 , IDBI Bank Ltd , IDBI , 24/03/2021 00:00:00, 	(21-FEB-2025 15:01:16)	 (Not Inserted)
1024 , State Bank of India , SBI , 24/03/2021 00:00:00, 	(21-FEB-2025 15:01:16)	 (Not Inserted)
1024 , Federal Bank Ltd , FBL , 24/03/2021 00:00:00, 	(21-FEB-2025 15:01:16)	 (Not Inserted)
1024 , The Hongkong & Shanghai Banking Corporation Ltd , HSBC , 14/06/2022 00:00:00, 	(21-FEB-2025 15:01:16)	 (Not Inserted)
1024 , Citibank N.A. ? India Branches , CITI INDIA , 19/07/2022 00:00:00, 	(21-FEB-2025 15:01:16)	 (Not Inserted)
1024 , Kotak Mahindra Bank Limited , KMB , 03/06/2022 00:00:00, 	(21-FEB-2025 15:01:16)	 (Not Inserted)
1024 , Yes Bank Ltd , YBL , 04/01/2023 00:00:00, 	(21-FEB-2025 15:01:16)	 (Not Inserted)
1024 , Union Bank of India , UBI , 10/01/2023 00:00:00, 	(21-FEB-2025 15:01:16)	 (Not Inserted)
1024 , Punjab National Bank , PNB , 13/05/2021 00:00:00, 	(21-FEB-2025 15:01:16)	 (Not Inserted)
1024 , Credit Agricole Corporate and Investment Bank (India) , CACIB , 18/05/2022 00:00:00, 	(21-FEB-2025 15:01:16)	 (Not Inserted)
1024 , Sumitomo Mitsui Banking Corporation , SMBC-DELHI , 22/09/2022 00:00:00, 	(21-FEB-2025 15:01:16)	 (Not Inserted)
1024 , Deutsche Bank AG  , DB INDIA , 22/09/2022 00:00:00, 	(21-FEB-2025 15:01:16)	 (Not Inserted)
1024 , INDUSIND BANK LIMITED , INDUSIND , 08/12/2022 00:00:00, 	(21-FEB-2025 15:01:16)	 (Not Inserted)

TOTAL DATA IN EXCEL : ,22,,, 	(21-FEB-2025 15:01:16)
 

TOTAL DATA INSERTED : ,0,,, 	(21-FEB-2025 15:01:16)
 

TOTAL SKIPPED DATA ,22,,, 	(21-FEB-2025 15:01:16)
 
<<END>>,<<FMS_BANK_MST>>,,, 	(21-FEB-2025 15:01:16)
 

<<START>>,<<FMS_ENTITY_TURNOVER_DTL>>,,,, 	(21-FEB-2025 15:01:16)
 
COMPANY_CD,CD,ABBR,ENTITY,FINANCIAL_YEAR,TIMESTAMP
2  ,1 , RIL , C , 2020-2021, 	(21-FEB-2025 15:01:16)	 (Not Inserted)
2  ,2 , MGL , C , 2020-2021, 	(21-FEB-2025 15:01:16)	 (Not Inserted)
2  ,2 , MGL , C , 2021-2022, 	(21-FEB-2025 15:01:16)	 (Not Inserted)
2  ,2 , MGL , C , 2022-2023, 	(21-FEB-2025 15:01:16)	 (Not Inserted)
2  ,2 , MGL , C , 2023-2024, 	(21-FEB-2025 15:01:16)	 (Not Inserted)
2  ,3 , GSPCL , C , 2020-2021, 	(21-FEB-2025 15:01:16)	 (Not Inserted)
2  ,3 , GSPCL , C , 2021-2022, 	(21-FEB-2025 15:01:16)	 (Not Inserted)
2  ,3 , GSPCL , C , 2023-2024, 	(21-FEB-2025 15:01:16)	 (Not Inserted)
2  ,4 , Gail , C , 2020-2021, 	(21-FEB-2025 15:01:16)	 (Not Inserted)
2  ,4 , Gail , C , 2021-2022, 	(21-FEB-2025 15:01:16)	 (Not Inserted)
2  ,4 , Gail , C , 2022-2023, 	(21-FEB-2025 15:01:16)	 (Not Inserted)
2  ,4 , Gail , C , 2023-2024, 	(21-FEB-2025 15:01:16)	 (Not Inserted)
2  ,5 , NTPC , C , 2021-2022, 	(21-FEB-2025 15:01:16)	 (Not Inserted)
2  ,5 , NTPC , C , 2022-2023, 	(21-FEB-2025 15:01:16)	 (Not Inserted)
2  ,5 , NTPC , C , 2023-2024, 	(21-FEB-2025 15:01:16)	 (Not Inserted)
2  ,6 , KRIBHCO , C , 2020-2021, 	(21-FEB-2025 15:01:16)	 (Not Inserted)
2  ,6 , KRIBHCO , C , 2021-2022, 	(21-FEB-2025 15:01:16)	 (Not Inserted)
2  ,6 , KRIBHCO , C , 2022-2023, 	(21-FEB-2025 15:01:16)	 (Not Inserted)
2  ,7 , DFPCL , C , 2020-2021, 	(21-FEB-2025 15:01:16)	 (Not Inserted)
2  ,7 , DFPCL , C , 2021-2022, 	(21-FEB-2025 15:01:16)	 (Not Inserted)
2  ,7 , DFPCL , C , 2022-2023, 	(21-FEB-2025 15:01:16)	 (Not Inserted)
2  ,11 , TPL , C , 2022-2023, 	(21-FEB-2025 15:01:16)	 (Not Inserted)
2  ,13 , IGL , C , 2021-2022, 	(21-FEB-2025 15:01:16)	 (Not Inserted)
2  ,13 , IGL , C , 2022-2023, 	(21-FEB-2025 15:01:16)	 (Not Inserted)
2  ,13 , IGL , C , 2023-2024, 	(21-FEB-2025 15:01:16)	 (Not Inserted)
2  ,14 , BPCL , C , 2021-2022, 	(21-FEB-2025 15:01:16)	 (Not Inserted)
2  ,14 , BPCL , C , 2022-2023, 	(21-FEB-2025 15:01:16)	 (Not Inserted)
2  ,14 , BPCL , C , 2023-2024, 	(21-FEB-2025 15:01:16)	 (Not Inserted)
2  ,15 , HPCL , C , 2020-2021, 	(21-FEB-2025 15:01:16)	 (Not Inserted)
2  ,15 , HPCL , C , 2022-2023, 	(21-FEB-2025 15:01:16)	 (Not Inserted)
2  ,15 , HPCL , C , 2023-2024, 	(21-FEB-2025 15:01:16)	 (Not Inserted)
2  ,18 , GSFC , C , 2020-2021, 	(21-FEB-2025 15:01:16)	 (Not Inserted)
2  ,18 , GSFC , C , 2021-2022, 	(21-FEB-2025 15:01:16)	 (Not Inserted)
2  ,18 , GSFC , C , 2022-2023, 	(21-FEB-2025 15:01:16)	 (Not Inserted)
2  ,18 , GSFC , C , 2023-2024, 	(21-FEB-2025 15:01:16)	 (Not Inserted)
2  ,19 , ATGL , C , 2022-2023, 	(21-FEB-2025 15:01:16)	 (Not Inserted)
2  ,20 , AMNS , C , 2020-2021, 	(21-FEB-2025 15:01:16)	 (Not Inserted)
2  ,20 , AMNS , C , 2021-2022, 	(21-FEB-2025 15:01:16)	 (Not Inserted)
2  ,20 , AMNS , C , 2022-2023, 	(21-FEB-2025 15:01:16)	 (Not Inserted)
2  , , SEMTPL , C , 2020-2021, 	(21-FEB-2025 15:01:16)	 (Not Inserted)
2  , , SEMTPL , C , 2022-2023, 	(21-FEB-2025 15:01:16)	 (Not Inserted)
2  , , SEMTPL , C , 2023-2024, 	(21-FEB-2025 15:01:16)	 (Not Inserted)
2  ,21 , SGIPL , C , 2020-2021, 	(21-FEB-2025 15:01:16)	 (Not Inserted)
2  ,21 , SGIPL , C , 2021-2022, 	(21-FEB-2025 15:01:16)	 (Not Inserted)
2  ,21 , SGIPL , C , 2022-2023, 	(21-FEB-2025 15:01:16)	 (Not Inserted)
2  ,21 , SGIPL , C , 2023-2024, 	(21-FEB-2025 15:01:16)	 (Not Inserted)
2  ,22 , VGL , C , 2022-2023, 	(21-FEB-2025 15:01:16)	 (Not Inserted)
2  ,23 , PGPGPL , C , 2020-2021, 	(21-FEB-2025 15:01:16)	 (Not Inserted)
2  ,23 , PGPGPL , C , 2021-2022, 	(21-FEB-2025 15:01:16)	 (Not Inserted)
2  ,23 , PGPGPL , C , 2022-2023, 	(21-FEB-2025 15:01:16)	 (Not Inserted)
2  ,23 , PGPGPL , C , 2023-2024, 	(21-FEB-2025 15:01:16)	 (Not Inserted)
2  ,24 , HCG , C , 2020-2021, 	(21-FEB-2025 15:01:16)	 (Not Inserted)
2  ,24 , HCG , C , 2021-2022, 	(21-FEB-2025 15:01:16)	 (Not Inserted)
2  ,24 , HCG , C , 2022-2023, 	(21-FEB-2025 15:01:16)	 (Not Inserted)
2  ,24 , HCG , C , 2023-2024, 	(21-FEB-2025 15:01:16)	 (Not Inserted)
2  ,25 , GGL , C , 2020-2021, 	(21-FEB-2025 15:01:16)	 (Not Inserted)
2  ,25 , GGL , C , 2021-2022, 	(21-FEB-2025 15:01:16)	 (Not Inserted)
2  ,25 , GGL , C , 2022-2023, 	(21-FEB-2025 15:01:16)	 (Not Inserted)
2  ,25 , GGL , C , 2023-2024, 	(21-FEB-2025 15:01:16)	 (Not Inserted)
2  ,26 , CFC , C , 2020-2021, 	(21-FEB-2025 15:01:16)	 (Not Inserted)
2  ,26 , CFC , C , 2021-2022, 	(21-FEB-2025 15:01:16)	 (Not Inserted)
2  ,26 , CFC , C , 2022-2023, 	(21-FEB-2025 15:01:16)	 (Not Inserted)
2  ,27 , IFFCO , C , 2020-2021, 	(21-FEB-2025 15:01:16)	 (Not Inserted)
2  ,27 , IFFCO , C , 2021-2022, 	(21-FEB-2025 15:01:16)	 (Not Inserted)
2  ,27 , IFFCO , C , 2022-2023, 	(21-FEB-2025 15:01:16)	 (Not Inserted)
2  ,27 , IFFCO , C , 2023-2024, 	(21-FEB-2025 15:01:16)	 (Not Inserted)
2  ,28 , HGL-RLNG , C , 2020-2021, 	(21-FEB-2025 15:01:16)	 (Not Inserted)
2  ,30 , NFL , C , 2021-2022, 	(21-FEB-2025 15:01:16)	 (Not Inserted)
2  ,30 , NFL , C , 2022-2023, 	(21-FEB-2025 15:01:16)	 (Not Inserted)
2  ,31 , HSIL , C , 2021-2022, 	(21-FEB-2025 15:01:16)	 (Not Inserted)
2  ,31 , HSIL , C , 2022-2023, 	(21-FEB-2025 15:01:16)	 (Not Inserted)
2  ,31 , HSIL , C , 2023-2024, 	(21-FEB-2025 15:01:16)	 (Not Inserted)
2  , , VVF , C , 2021-2022, 	(21-FEB-2025 15:01:16)	 (Not Inserted)
2  ,32 , KFL , C , 2020-2021, 	(21-FEB-2025 15:01:16)	 (Not Inserted)
2  ,32 , KFL , C , 2022-2023, 	(21-FEB-2025 15:01:16)	 (Not Inserted)
2  ,197 , BIL , C , 2020-2021, 	(21-FEB-2025 15:01:16)	 (Not Inserted)
2  ,197 , BIL , C , 2021-2022, 	(21-FEB-2025 15:01:16)	 (Not Inserted)
2  ,197 , BIL , C , 2022-2023, 	(21-FEB-2025 15:01:16)	 (Not Inserted)
2  ,197 , BIL , C , 2023-2024, 	(21-FEB-2025 15:01:16)	 (Not Inserted)
2  ,207 , CP , C , 2020-2021, 	(21-FEB-2025 15:01:16)	 (Not Inserted)
2  , , HHFG DLNG , C , 2020-2021, 	(21-FEB-2025 15:01:16)	 (Not Inserted)
2  , , HHFG DLNG , C , 2021-2022, 	(21-FEB-2025 15:01:16)	 (Not Inserted)
2  , , HHFG DLNG , C , 2022-2023, 	(21-FEB-2025 15:01:16)	 (Not Inserted)
2  , , HHFG DLNG , C , 2023-2024, 	(21-FEB-2025 15:01:16)	 (Not Inserted)
2  ,187 , VIDUWIL , C , 2020-2021, 	(21-FEB-2025 15:01:16)	 (Not Inserted)
2  ,33 , AGP CGD , C , 2020-2021, 	(21-FEB-2025 15:01:16)	 (Not Inserted)
2  ,33 , AGP CGD , C , 2021-2022, 	(21-FEB-2025 15:01:16)	 (Not Inserted)
2  ,33 , AGP CGD , C , 2022-2023, 	(21-FEB-2025 15:01:16)	 (Not Inserted)
2  ,33 , AGP CGD , C , 2023-2024, 	(21-FEB-2025 15:01:16)	 (Not Inserted)
2  ,34 , MINDA , C , 2020-2021, 	(21-FEB-2025 15:01:16)	 (Not Inserted)
2  ,34 , MINDA , C , 2021-2022, 	(21-FEB-2025 15:01:16)	 (Not Inserted)
2  ,34 , MINDA , C , 2022-2023, 	(21-FEB-2025 15:01:16)	 (Not Inserted)
2  ,34 , MINDA , C , 2023-2024, 	(21-FEB-2025 15:01:16)	 (Not Inserted)
2  ,238 , LEIPL , C , 2020-2021, 	(21-FEB-2025 15:01:16)	 (Not Inserted)
2  ,238 , LEIPL , C , 2021-2022, 	(21-FEB-2025 15:01:16)	 (Not Inserted)
2  ,238 , LEIPL , C , 2022-2023, 	(21-FEB-2025 15:01:16)	 (Not Inserted)
2  ,35 , SCHOTT , C , 2020-2021, 	(21-FEB-2025 15:01:16)	 (Not Inserted)
2  ,35 , SCHOTT , C , 2022-2023, 	(21-FEB-2025 15:01:16)	 (Not Inserted)
2  ,36 , HIL , C , 2020-2021, 	(21-FEB-2025 15:01:16)	 (Not Inserted)
2  ,36 , HIL , C , 2022-2023, 	(21-FEB-2025 15:01:16)	 (Not Inserted)
2  ,37 , HCGD-B , C , 2021-2022, 	(21-FEB-2025 15:01:16)	 (Not Inserted)
2  ,37 , HCGD-B , C , 2023-2024, 	(21-FEB-2025 15:01:16)	 (Not Inserted)
2  ,198 , BIPL , C , 2020-2021, 	(21-FEB-2025 15:01:16)	 (Not Inserted)
2  ,198 , BIPL , C , 2022-2023, 	(21-FEB-2025 15:01:16)	 (Not Inserted)
2  ,198 , BIPL , C , 2023-2024, 	(21-FEB-2025 15:01:16)	 (Not Inserted)
2  ,220 , EXXARO , C , 2020-2021, 	(21-FEB-2025 15:01:16)	 (Not Inserted)
2  ,220 , EXXARO , C , 2021-2022, 	(21-FEB-2025 15:01:16)	 (Not Inserted)
2  ,220 , EXXARO , C , 2022-2023, 	(21-FEB-2025 15:01:16)	 (Not Inserted)
2  ,220 , EXXARO , C , 2023-2024, 	(21-FEB-2025 15:01:16)	 (Not Inserted)
2  ,38 , KAJARIA , C , 2020-2021, 	(21-FEB-2025 15:01:16)	 (Not Inserted)
2  ,38 , KAJARIA , C , 2021-2022, 	(21-FEB-2025 15:01:16)	 (Not Inserted)
2  ,39 , SISECAM , C , 2020-2021, 	(21-FEB-2025 15:01:16)	 (Not Inserted)
2  ,39 , SISECAM , C , 2021-2022, 	(21-FEB-2025 15:01:16)	 (Not Inserted)
2  ,39 , SISECAM , C , 2022-2023, 	(21-FEB-2025 15:01:16)	 (Not Inserted)
2  ,39 , SISECAM , C , 2023-2024, 	(21-FEB-2025 15:01:16)	 (Not Inserted)
2  ,40 , ATPL , C , 2021-2022, 	(21-FEB-2025 15:01:16)	 (Not Inserted)
2  ,41 , OPAL , C , 2020-2021, 	(21-FEB-2025 15:01:16)	 (Not Inserted)
2  ,41 , OPAL , C , 2021-2022, 	(21-FEB-2025 15:01:16)	 (Not Inserted)
2  ,41 , OPAL , C , 2022-2023, 	(21-FEB-2025 15:01:16)	 (Not Inserted)
2  ,41 , OPAL , C , 2023-2024, 	(21-FEB-2025 15:01:16)	 (Not Inserted)
2  ,234 , JKPAPER , C , 2020-2021, 	(21-FEB-2025 15:01:16)	 (Not Inserted)
2  ,234 , JKPAPER , C , 2021-2022, 	(21-FEB-2025 15:01:16)	 (Not Inserted)
2  ,234 , JKPAPER , C , 2022-2023, 	(21-FEB-2025 15:01:16)	 (Not Inserted)
2  ,263 , STL , C , 2020-2021, 	(21-FEB-2025 15:01:16)	 (Not Inserted)
2  ,263 , STL , C , 2021-2022, 	(21-FEB-2025 15:01:16)	 (Not Inserted)
2  ,206 , CELLO , C , 2020-2021, 	(21-FEB-2025 15:01:16)	 (Not Inserted)
2  ,206 , CELLO , C , 2021-2022, 	(21-FEB-2025 15:01:16)	 (Not Inserted)
2  ,42 , RCF , C , 2020-2021, 	(21-FEB-2025 15:01:16)	 (Not Inserted)
2  ,42 , RCF , C , 2021-2022, 	(21-FEB-2025 15:01:16)	 (Not Inserted)
2  ,42 , RCF , C , 2022-2023, 	(21-FEB-2025 15:01:16)	 (Not Inserted)
2  ,201 , BWRL , C , 2020-2021, 	(21-FEB-2025 15:01:16)	 (Not Inserted)
2  ,201 , BWRL , C , 2021-2022, 	(21-FEB-2025 15:01:16)	 (Not Inserted)
2  ,276 , VIRGO , C , 2020-2021, 	(21-FEB-2025 15:01:16)	 (Not Inserted)
2  ,276 , VIRGO , C , 2021-2022, 	(21-FEB-2025 15:01:16)	 (Not Inserted)
2  ,276 , VIRGO , C , 2022-2023, 	(21-FEB-2025 15:01:16)	 (Not Inserted)
2  ,276 , VIRGO , C , 2023-2024, 	(21-FEB-2025 15:01:16)	 (Not Inserted)
2  ,196 , BLPL , C , 2021-2022, 	(21-FEB-2025 15:01:16)	 (Not Inserted)
2  ,223 , GIPSKARTON , C , 2020-2021, 	(21-FEB-2025 15:01:16)	 (Not Inserted)
2  ,223 , GIPSKARTON , C , 2021-2022, 	(21-FEB-2025 15:01:16)	 (Not Inserted)
2  ,43 , BP , T , 2022-2023, 	(21-FEB-2025 15:01:16)	 (Not Inserted)
2  ,43 , BP , T , 2023-2024, 	(21-FEB-2025 15:01:16)	 (Not Inserted)
2  ,43 , BP , T , 2024-2025, 	(21-FEB-2025 15:01:16)	 (Not Inserted)
2  ,2 , SEIPL , B , 2020-2021, 	(21-FEB-2025 15:01:16)	 (Not Inserted)
2  ,2 , SEIPL , B , 2022-2023, 	(21-FEB-2025 15:01:16)	 (Not Inserted)
2  ,2 , SEIPL , B , 2021-2022, 	(21-FEB-2025 15:01:16)	 (Not Inserted)
2  ,46 , TGLPL , C , 2021-2022, 	(21-FEB-2025 15:01:16)	 (Not Inserted)
2  ,46 , TGLPL , C , 2022-2023, 	(21-FEB-2025 15:01:16)	 (Not Inserted)
2  ,46 , TGLPL , C , 2023-2024, 	(21-FEB-2025 15:01:16)	 (Not Inserted)
2  ,47 , TGBPL , C , 2021-2022, 	(21-FEB-2025 15:01:16)	 (Not Inserted)
2  ,47 , TGBPL , C , 2022-2023, 	(21-FEB-2025 15:01:16)	 (Not Inserted)
2  ,47 , TGBPL , C , 2023-2024, 	(21-FEB-2025 15:01:16)	 (Not Inserted)
2  ,48 , BGEPL , C , 2021-2022, 	(21-FEB-2025 15:01:16)	 (Not Inserted)
2  ,48 , BGEPL , C , 2022-2023, 	(21-FEB-2025 15:01:16)	 (Not Inserted)
2  ,48 , BGEPL , C , 2023-2024, 	(21-FEB-2025 15:01:16)	 (Not Inserted)
2  ,231 , IMCL , C , 2021-2022, 	(21-FEB-2025 15:01:16)	 (Not Inserted)
2  ,49 , VVF India , C , 2021-2022, 	(21-FEB-2025 15:01:16)	 (Not Inserted)
2  ,49 , VVF India , C , 2022-2023, 	(21-FEB-2025 15:01:16)	 (Not Inserted)
2  ,50 , GNFC , C , 2021-2022, 	(21-FEB-2025 15:01:16)	 (Not Inserted)
2  ,50 , GNFC , C , 2022-2023, 	(21-FEB-2025 15:01:16)	 (Not Inserted)
2  ,140 , MEGHHQX , C , 2021-2022, 	(21-FEB-2025 15:01:16)	 (Not Inserted)
2  ,52 , GLIL , C , 2021-2022, 	(21-FEB-2025 15:01:16)	 (Not Inserted)
2  ,52 , GLIL , C , 2022-2023, 	(21-FEB-2025 15:01:16)	 (Not Inserted)
2  ,52 , GLIL , C , 2023-2024, 	(21-FEB-2025 15:01:16)	 (Not Inserted)
2  ,255 , SGI-AP , C , 2021-2022, 	(21-FEB-2025 15:01:16)	 (Not Inserted)
2  ,255 , SGI-AP , C , 2022-2023, 	(21-FEB-2025 15:01:16)	 (Not Inserted)
2  ,255 , SGI-AP , C , 2023-2024, 	(21-FEB-2025 15:01:16)	 (Not Inserted)
2  ,117 , PEPL , C , 2021-2022, 	(21-FEB-2025 15:01:16)	 (Not Inserted)
2  ,117 , PEPL , C , 2022-2023, 	(21-FEB-2025 15:01:16)	 (Not Inserted)
2  ,117 , PEPL , C , 2023-2024, 	(21-FEB-2025 15:01:16)	 (Not Inserted)
2  ,54 , GFCL , C , 2021-2022, 	(21-FEB-2025 15:01:16)	 (Not Inserted)
2  ,54 , GFCL , C , 2022-2023, 	(21-FEB-2025 15:01:16)	 (Not Inserted)
2  ,55 , CPL , C , 2021-2022, 	(21-FEB-2025 15:01:16)	 (Not Inserted)
2  ,55 , CPL , C , 2022-2023, 	(21-FEB-2025 15:01:16)	 (Not Inserted)
2  ,55 , CPL , C , 2023-2024, 	(21-FEB-2025 15:01:16)	 (Not Inserted)
2  ,56 , IRM , C , 2021-2022, 	(21-FEB-2025 15:01:16)	 (Not Inserted)
2  ,57 , PPL , C , 2021-2022, 	(21-FEB-2025 15:01:16)	 (Not Inserted)
2  ,57 , PPL , C , 2023-2024, 	(21-FEB-2025 15:01:16)	 (Not Inserted)
2  ,58 , YARALTD , C , 2021-2022, 	(21-FEB-2025 15:01:16)	 (Not Inserted)
2  ,59 , INPEROX , C , 2021-2022, 	(21-FEB-2025 15:01:16)	 (Not Inserted)
2  ,59 , INPEROX , C , 2022-2023, 	(21-FEB-2025 15:01:16)	 (Not Inserted)
2  ,60 , RAFECHL , C , 2023-2024, 	(21-FEB-2025 15:01:16)	 (Not Inserted)
2  ,124 , MGRPL , C , 2021-2022, 	(21-FEB-2025 15:01:16)	 (Not Inserted)
2  ,124 , MGRPL , C , 2022-2023, 	(21-FEB-2025 15:01:16)	 (Not Inserted)
2  ,208 , CNTENKA , C , 2021-2022, 	(21-FEB-2025 15:01:16)	 (Not Inserted)
2  ,61 , EFSPL , C , 2023-2024, 	(21-FEB-2025 15:01:16)	 (Not Inserted)
2  ,158 , HINDURV , C , 2021-2022, 	(21-FEB-2025 15:01:16)	 (Not Inserted)
2  ,158 , HINDURV , C , 2022-2023, 	(21-FEB-2025 15:01:16)	 (Not Inserted)
2  ,227 , HCGPUTE , C , 2021-2022, 	(21-FEB-2025 15:01:16)	 (Not Inserted)
2  ,63 , GOAGLSF , C , 2021-2022, 	(21-FEB-2025 15:01:16)	 (Not Inserted)
2  ,63 , GOAGLSF , C , 2022-2023, 	(21-FEB-2025 15:01:16)	 (Not Inserted)
2  ,63 , GOAGLSF , C , 2023-2024, 	(21-FEB-2025 15:01:16)	 (Not Inserted)
2  ,64 , IGSPL , C , 2021-2022, 	(21-FEB-2025 15:01:16)	 (Not Inserted)
2  ,64 , IGSPL , C , 2022-2023, 	(21-FEB-2025 15:01:16)	 (Not Inserted)
2  ,65 , PEFORCV , C , 2021-2022, 	(21-FEB-2025 15:01:16)	 (Not Inserted)
2  ,65 , PEFORCV , C , 2022-2023, 	(21-FEB-2025 15:01:16)	 (Not Inserted)
2  ,66 , BHEL , C , 2023-2024, 	(21-FEB-2025 15:01:16)	 (Not Inserted)
2  ,210 , COMFIND , C , 2022-2023, 	(21-FEB-2025 15:01:16)	 (Not Inserted)
2  ,210 , COMFIND , C , 2023-2024, 	(21-FEB-2025 15:01:16)	 (Not Inserted)
2  ,67 , DCMSHRI , C , 2022-2023, 	(21-FEB-2025 15:01:16)	 (Not Inserted)
2  ,67 , DCMSHRI , C , 2023-2024, 	(21-FEB-2025 15:01:16)	 (Not Inserted)
2  ,144 , HINAGIL , C , 2023-2024, 	(21-FEB-2025 15:01:16)	 (Not Inserted)
2  ,147 , HPOIGAS , C , 2022-2023, 	(21-FEB-2025 15:01:16)	 (Not Inserted)
2  ,92 , NEL , C , 2021-2022, 	(21-FEB-2025 15:01:16)	 (Not Inserted)
2  ,92 , NEL , C , 2022-2023, 	(21-FEB-2025 15:01:16)	 (Not Inserted)
2  ,104 , TASTELI , C , 2021-2022, 	(21-FEB-2025 15:01:16)	 (Not Inserted)
2  ,104 , TASTELI , C , 2022-2023, 	(21-FEB-2025 15:01:16)	 (Not Inserted)
2  ,104 , TASTELI , C , 2023-2024, 	(21-FEB-2025 15:01:16)	 (Not Inserted)
2  ,105 , HMEL , C , 2021-2022, 	(21-FEB-2025 15:01:16)	 (Not Inserted)
2  ,105 , HMEL , C , 2022-2023, 	(21-FEB-2025 15:01:16)	 (Not Inserted)
2  ,105 , HMEL , C , 2023-2024, 	(21-FEB-2025 15:01:16)	 (Not Inserted)
2  ,162 , BOROREN , C , 2022-2023, 	(21-FEB-2025 15:01:16)	 (Not Inserted)
2  ,162 , BOROREN , C , 2023-2024, 	(21-FEB-2025 15:01:16)	 (Not Inserted)
2  ,151 , KINGASP , C , 2022-2023, 	(21-FEB-2025 15:01:16)	 (Not Inserted)
2  ,151 , KINGASP , C , 2023-2024, 	(21-FEB-2025 15:01:16)	 (Not Inserted)
2  ,106 , RATNAGI , C , 2022-2023, 	(21-FEB-2025 15:01:16)	 (Not Inserted)
2  ,107 , IDOINVA , C , 2022-2023, 	(21-FEB-2025 15:01:16)	 (Not Inserted)
2  ,107 , IDOINVA , C , 2022-2023, 	(21-FEB-2025 15:01:16)	 (Not Inserted)
2  ,190 , AGPCGIN , C , 2021-2022, 	(21-FEB-2025 15:01:16)	 (Not Inserted)
2  ,190 , AGPCGIN , C , 2022-2023, 	(21-FEB-2025 15:01:16)	 (Not Inserted)
2  ,190 , AGPCGIN , C , 2023-2024, 	(21-FEB-2025 15:01:16)	 (Not Inserted)
2  ,176 , NESTLIN , C , 2023-2024, 	(21-FEB-2025 15:01:16)	 (Not Inserted)
2  ,188 , VISHPRI , C , 2021-2022, 	(21-FEB-2025 15:01:16)	 (Not Inserted)
2  ,188 , VISHPRI , C , 2022-2023, 	(21-FEB-2025 15:01:16)	 (Not Inserted)
2  ,188 , VISHPRI , C , 2023-2024, 	(21-FEB-2025 15:01:16)	 (Not Inserted)
2  , , SOMANY , C , 2021-2022, 	(21-FEB-2025 15:01:16)	 (Not Inserted)
2  , , SOMANY , C , 2022-2023, 	(21-FEB-2025 15:01:16)	 (Not Inserted)
2  ,202 , BHOGATD , C , 2022-2023, 	(21-FEB-2025 15:01:16)	 (Not Inserted)
2  ,202 , BHOGATD , C , 2023-2024, 	(21-FEB-2025 15:01:16)	 (Not Inserted)
2  ,277 , VIGASLD , C , 2022-2023, 	(21-FEB-2025 15:01:16)	 (Not Inserted)
2  ,277 , VIGASLD , C , 2023-2024, 	(21-FEB-2025 15:01:16)	 (Not Inserted)
2  ,167 , GOLDPFG , C , 2022-2023, 	(21-FEB-2025 15:01:16)	 (Not Inserted)
2  ,122 , GAILGAS , C , 2022-2023, 	(21-FEB-2025 15:01:16)	 (Not Inserted)
2  ,122 , GAILGAS , C , 2023-2024, 	(21-FEB-2025 15:01:16)	 (Not Inserted)
2  ,174 , KUTCHCL , C , 2022-2023, 	(21-FEB-2025 15:01:16)	 (Not Inserted)
2  ,174 , KUTCHCL , C , 2023-2024, 	(21-FEB-2025 15:01:16)	 (Not Inserted)
2  ,181 , SANENER , C , 2022-2023, 	(21-FEB-2025 15:01:16)	 (Not Inserted)
2  ,183 , SUMGLAS , C , 2022-2023, 	(21-FEB-2025 15:01:16)	 (Not Inserted)
2  ,184 , SVTPLIN , C , 2022-2023, 	(21-FEB-2025 15:01:16)	 (Not Inserted)
2  ,184 , SVTPLIN , C , 2023-2024, 	(21-FEB-2025 15:01:16)	 (Not Inserted)
2  ,123 , AVGL , C , 2022-2023, 	(21-FEB-2025 15:01:16)	 (Not Inserted)
2  ,123 , AVGL , C , 2023-2024, 	(21-FEB-2025 15:01:16)	 (Not Inserted)
2  ,121 , NGPL , C , 2022-2023, 	(21-FEB-2025 15:01:16)	 (Not Inserted)
2  ,119 , ROCKIND , C , 2022-2023, 	(21-FEB-2025 15:01:16)	 (Not Inserted)
2  ,118 , LANCOKO , C , 2023-2024, 	(21-FEB-2025 15:01:16)	 (Not Inserted)
2  ,130 , CRMNDEL , C , 2023-2024, 	(21-FEB-2025 15:01:16)	 (Not Inserted)

TOTAL DATA IN EXCEL : ,245,,,, 	(21-FEB-2025 15:01:16)
 

TOTAL DATA INSERTED : ,0,,,, 	(21-FEB-2025 15:01:16)
 

TOTAL SKIPPED DATA ,245,,,, 	(21-FEB-2025 15:01:16)
 
<<END>>,<<FMS_ENTITY_TURNOVER_DTL>>,,,, 	(21-FEB-2025 15:01:16)
 

<<START>>,<<FMS_SHIP_MST>>,, 	(21-FEB-2025 15:01:16)
 
CD,SHIP_NAME,EFF_DT,TIMESTAMP
282 , MARIA ENERGY , 01/01/2007 00:00:00, 	(21-FEB-2025 15:01:16)	 (Not Inserted)
282 , OUGARTA , 01/01/2007 00:00:00, 	(21-FEB-2025 15:01:16)	 (Not Inserted)
282 , METHANE SPIRIT , 01/01/2007 00:00:00, 	(21-FEB-2025 15:01:16)	 (Not Inserted)
282 , YARI LNG , 01/01/2007 00:00:00, 	(21-FEB-2025 15:01:16)	 (Not Inserted)
282 , FLEX ENDEAVOUR , 01/01/2007 00:00:00, 	(21-FEB-2025 15:01:16)	 (Not Inserted)
282 , METHANE JANE ELIZABETH , 01/01/2007 00:00:00, 	(21-FEB-2025 15:01:16)	 (Not Inserted)
282 , MARAN GAS ASCLEPIUS , 01/01/2007 00:00:00, 	(21-FEB-2025 15:01:16)	 (Not Inserted)
282 , HISPANIA SPIRIT , 01/01/2007 00:00:00, 	(21-FEB-2025 15:01:16)	 (Not Inserted)
282 , CASTILLO DE MERIDA , 01/01/2007 00:00:00, 	(21-FEB-2025 15:01:16)	 (Not Inserted)
282 , MARAN GAS HECTOR , 01/01/2007 00:00:00, 	(21-FEB-2025 15:01:16)	 (Not Inserted)
282 , SHINSHU MARU , 01/01/2007 00:00:00, 	(21-FEB-2025 15:01:16)	 (Not Inserted)
282 , GOLAR MARIA , 01/01/2007 00:00:00, 	(21-FEB-2025 15:01:16)	 (Not Inserted)
282 , UMM AL ASTHAN , 01/01/2007 00:00:00, 	(21-FEB-2025 15:01:16)	 (Not Inserted)
282 , LNG PORT HARCOURT II , 01/01/2007 00:00:00, 	(21-FEB-2025 15:01:16)	 (Not Inserted)
282 , SHAHAMAH , 01/01/2007 00:00:00, 	(21-FEB-2025 15:01:16)	 (Not Inserted)
282 , MRAWEH , 01/01/2007 00:00:00, 	(21-FEB-2025 15:01:16)	 (Not Inserted)
282 , GASLOG SEATTLE , 01/01/2007 00:00:00, 	(21-FEB-2025 15:01:16)	 (Not Inserted)
282 , MARAN GAS CHIOS , 01/01/2007 00:00:00, 	(21-FEB-2025 15:01:16)	 (Not Inserted)
282 , GOLAR ICE , 01/01/2007 00:00:00, 	(21-FEB-2025 15:01:16)	 (Not Inserted)
282 , MARAN GAS AMPHIPOLIS , 01/01/2007 00:00:00, 	(21-FEB-2025 15:01:16)	 (Not Inserted)
282 , MARVEL FALCON , 01/01/2007 00:00:00, 	(21-FEB-2025 15:01:16)	 (Not Inserted)
282 , GASLOG GLADSTONE , 01/01/2007 00:00:00, 	(21-FEB-2025 15:01:16)	 (Not Inserted)
282 , FLEX COURAGEOUS , 01/01/2007 00:00:00, 	(21-FEB-2025 15:01:16)	 (Not Inserted)
282 , VELIKIY NOVGOROD , 01/01/2007 00:00:00, 	(21-FEB-2025 15:01:16)	 (Not Inserted)
282 , OAK SPIRIT , 01/01/2007 00:00:00, 	(21-FEB-2025 15:01:16)	 (Not Inserted)
282 , ELISA AQUILA , 01/01/2007 00:00:00, 	(21-FEB-2025 15:01:16)	 (Not Inserted)
282 , AMUR RIVER , 01/01/2007 00:00:00, 	(21-FEB-2025 15:01:16)	 (Not Inserted)
282 , PAN AMERICAS , 01/01/2007 00:00:00, 	(21-FEB-2025 15:01:16)	 (Not Inserted)
282 , SESTAO KNUTSEN , 01/01/2007 00:00:00, 	(21-FEB-2025 15:01:16)	 (Not Inserted)
282 , TORBEN SPIRIT , 01/01/2007 00:00:00, 	(21-FEB-2025 15:01:16)	 (Not Inserted)
282 , AMANI , 01/01/2007 00:00:00, 	(21-FEB-2025 15:01:16)	 (Not Inserted)
282 , MARAN GAS ULYSSES , 01/01/2007 00:00:00, 	(21-FEB-2025 15:01:16)	 (Not Inserted)
282 , ARCTIC VOYAGER , 01/01/2007 00:00:00, 	(21-FEB-2025 15:01:16)	 (Not Inserted)
282 , GRACE EMILIA , 01/01/2007 00:00:00, 	(21-FEB-2025 15:01:16)	 (Not Inserted)
282 , ASIA INTEGRITY , 01/01/2007 00:00:00, 	(21-FEB-2025 15:01:16)	 (Not Inserted)
282 , MERIDIAN SPIRIT , 01/01/2007 00:00:00, 	(21-FEB-2025 15:01:16)	 (Not Inserted)
282 , GOLAR CRYSTAL , 01/01/2007 00:00:00, 	(21-FEB-2025 15:01:16)	 (Not Inserted)
282 , GASLOG WESTMINSTER , 01/01/2007 00:00:00, 	(21-FEB-2025 15:01:16)	 (Not Inserted)
282 , FLEX ARTEMIS , 01/01/2007 00:00:00, 	(21-FEB-2025 15:01:16)	 (Not Inserted)
282 , GOLAR TUNDRA , 01/01/2007 00:00:00, 	(21-FEB-2025 15:01:16)	 (Not Inserted)
282 , MILAHA QATAR , 01/01/2007 00:00:00, 	(21-FEB-2025 15:01:16)	 (Not Inserted)
282 , ORION SUN , 01/01/2007 00:00:00, 	(21-FEB-2025 15:01:16)	 (Not Inserted)
282 , LNG LAGOS II , 01/01/2007 00:00:00, 	(21-FEB-2025 15:01:16)	 (Not Inserted)
282 , COOL RUNNER , 01/01/2007 00:00:00, 	(21-FEB-2025 15:01:16)	 (Not Inserted)
282 , LNG ALLIANCE , 01/01/2007 00:00:00, 	(21-FEB-2025 15:01:16)	 (Not Inserted)
282 , PAN EUROPE , 01/01/2007 00:00:00, 	(21-FEB-2025 15:01:16)	 (Not Inserted)
282 , BW BRUSSELS , 01/01/2007 00:00:00, 	(21-FEB-2025 15:01:16)	 (Not Inserted)
282 , RIOJA KNUTSEN , 01/01/2007 00:00:00, 	(21-FEB-2025 15:01:16)	 (Not Inserted)
282 , GOLAR PENGUIN , 01/01/2007 00:00:00, 	(21-FEB-2025 15:01:16)	 (Not Inserted)
282 , BW PARIS , 01/01/2007 00:00:00, 	(21-FEB-2025 15:01:16)	 (Not Inserted)
282 , METHANE KARI ELIN , 01/01/2007 00:00:00, 	(21-FEB-2025 15:01:16)	 (Not Inserted)
282 , DOMESTIC GAS , 01/01/2007 00:00:00, 	(21-FEB-2025 15:01:16)	 (Not Inserted)
282 , SCF TIMMERMAN  , 01/01/2007 00:00:00, 	(21-FEB-2025 15:01:16)	 (Not Inserted)
282 , GAIL BHUWAN , 01/01/2007 00:00:00, 	(21-FEB-2025 15:01:16)	 (Not Inserted)
282 , HOEGH GANDRIA  , 01/01/2007 00:00:00, 	(21-FEB-2025 15:01:16)	 (Not Inserted)
282 , LUSAIL , 01/01/2007 00:00:00, 	(21-FEB-2025 15:01:16)	 (Not Inserted)
282 , BRITISH MENTOR , 01/01/2007 00:00:00, 	(21-FEB-2025 15:01:16)	 (Not Inserted)
282 , PAN ASIA , 01/01/2007 00:00:00, 	(21-FEB-2025 15:01:16)	 (Not Inserted)
282 , METHANE PRINCESS , 01/01/2007 00:00:00, 	(21-FEB-2025 15:01:16)	 (Not Inserted)
282 , GASLOG SAVANNAH , 01/01/2007 00:00:00, 	(21-FEB-2025 15:01:16)	 (Not Inserted)
282 , LNG FUKUROKUJU , 01/01/2007 00:00:00, 	(21-FEB-2025 15:01:16)	 (Not Inserted)
282 , KITA LNG , 01/01/2007 00:00:00, 	(21-FEB-2025 15:01:16)	 (Not Inserted)
282 , GASLOG HONG KONG , 01/01/2007 00:00:00, 	(21-FEB-2025 15:01:16)	 (Not Inserted)
282 , MARAN GAS PERICLES , 01/01/2007 00:00:00, 	(21-FEB-2025 15:01:16)	 (Not Inserted)
282 , CUBAL , 01/01/2007 00:00:00, 	(21-FEB-2025 15:01:16)	 (Not Inserted)
282 , SERI AMANAH , 01/01/2007 00:00:00, 	(21-FEB-2025 15:01:16)	 (Not Inserted)
282 , GOLAR BEAR , 01/01/2007 00:00:00, 	(21-FEB-2025 15:01:16)	 (Not Inserted)
282 , GOLAR SNOW , 01/01/2007 00:00:00, 	(21-FEB-2025 15:01:16)	 (Not Inserted)
282 , GALICIA SPIRIT  , 01/01/2007 00:00:00, 	(21-FEB-2025 15:01:16)	 (Not Inserted)
282 , SONANGOL ETOSHA , 01/01/2007 00:00:00, 	(21-FEB-2025 15:01:16)	 (Not Inserted)
282 , LNG LOKOJA , 01/01/2007 00:00:00, 	(21-FEB-2025 15:01:16)	 (Not Inserted)
282 , LA MANCHA KNUTSEN , 01/01/2007 00:00:00, 	(21-FEB-2025 15:01:16)	 (Not Inserted)
282 , LNG FINIMA II , 01/01/2007 00:00:00, 	(21-FEB-2025 15:01:16)	 (Not Inserted)
282 , IBRI LNG , 01/01/2007 00:00:00, 	(21-FEB-2025 15:01:16)	 (Not Inserted)
282 , GOLAR KELVIN , 01/01/2007 00:00:00, 	(21-FEB-2025 15:01:16)	 (Not Inserted)
282 , SOYO , 01/01/2007 00:00:00, 	(21-FEB-2025 15:01:16)	 (Not Inserted)
282 , MYRINA , 01/01/2007 00:00:00, 	(21-FEB-2025 15:01:16)	 (Not Inserted)
282 , METHANE PATRICIA CAMILA , 01/01/2007 00:00:00, 	(21-FEB-2025 15:01:16)	 (Not Inserted)
282 , MARAN GAS ROXANA , 01/01/2007 00:00:00, 	(21-FEB-2025 15:01:16)	 (Not Inserted)
282 , GASLOG GENOA , 01/01/2007 00:00:00, 	(21-FEB-2025 15:01:16)	 (Not Inserted)
282 , LOBITO , 01/01/2007 00:00:00, 	(21-FEB-2025 15:01:16)	 (Not Inserted)
282 , METHANE ALISON VICTORIA , 01/01/2007 00:00:00, 	(21-FEB-2025 15:01:16)	 (Not Inserted)
282 , MUBARAZ , 01/01/2007 00:00:00, 	(21-FEB-2025 15:01:16)	 (Not Inserted)
282 , ISH , 01/01/2007 00:00:00, 	(21-FEB-2025 15:01:16)	 (Not Inserted)
282 , PAN AFRICA , 01/01/2007 00:00:00, 	(21-FEB-2025 15:01:16)	 (Not Inserted)
282 , MARAN GAS OLYMPIAS , 01/01/2007 00:00:00, 	(21-FEB-2025 15:01:16)	 (Not Inserted)
282 , MALANJE , 01/01/2007 00:00:00, 	(21-FEB-2025 15:01:16)	 (Not Inserted)
282 , LNG ABALAMABIE , 01/01/2007 00:00:00, 	(21-FEB-2025 15:01:16)	 (Not Inserted)
282 , MARIB SPIRIT , 01/01/2007 00:00:00, 	(21-FEB-2025 15:01:16)	 (Not Inserted)
282 , MARAN GAS CORONIS , 01/01/2007 00:00:00, 	(21-FEB-2025 15:01:16)	 (Not Inserted)
282 , ADAM LNG , 01/01/2007 00:00:00, 	(21-FEB-2025 15:01:16)	 (Not Inserted)
282 , GASLOG SARATOGA , 01/01/2007 00:00:00, 	(21-FEB-2025 15:01:16)	 (Not Inserted)
282 , AL HAMRA , 01/01/2007 00:00:00, 	(21-FEB-2025 15:01:16)	 (Not Inserted)
282 , GASLOG SANTIAGO , 01/01/2007 00:00:00, 	(21-FEB-2025 15:01:16)	 (Not Inserted)
282 , MARAN GAS EFFESSOS , 01/01/2007 00:00:00, 	(21-FEB-2025 15:01:16)	 (Not Inserted)
282 , SEVILLA KNUTSEN , 01/01/2007 00:00:00, 	(21-FEB-2025 15:01:16)	 (Not Inserted)
282 , SCF MITRE , 01/01/2007 00:00:00, 	(21-FEB-2025 15:01:16)	 (Not Inserted)
282 , :LNG FINIMA II , 01/01/2007 00:00:00, 	(21-FEB-2025 15:01:16)	 (Not Inserted)
282 , SONANGOL BENGUELA , 01/01/2007 00:00:00, 	(21-FEB-2025 15:01:16)	 (Not Inserted)
282 , BILBAO KNUTSEN , 01/01/2007 00:00:00, 	(21-FEB-2025 15:01:16)	 (Not Inserted)
282 , LNG OYO , 01/01/2007 00:00:00, 	(21-FEB-2025 15:01:16)	 (Not Inserted)
282 , GASLOG SHANGHAI , 01/01/2007 00:00:00, 	(21-FEB-2025 15:01:16)	 (Not Inserted)
282 , MARAN GAS ACHILLES , 01/01/2007 00:00:00, 	(21-FEB-2025 15:01:16)	 (Not Inserted)
282 , METHANE HEATHER SALLY , 01/01/2007 00:00:00, 	(21-FEB-2025 15:01:16)	 (Not Inserted)
282 , GHASHA , 01/01/2007 00:00:00, 	(21-FEB-2025 15:01:16)	 (Not Inserted)
282 , GOLAR CELSIUS , 01/01/2007 00:00:00, 	(21-FEB-2025 15:01:16)	 (Not Inserted)
282 , LNG RIVER ORASHI , 01/01/2007 00:00:00, 	(21-FEB-2025 15:01:16)	 (Not Inserted)
282 , CASTILLO DE SANTISTEBAN , 01/01/2007 00:00:00, 	(21-FEB-2025 15:01:16)	 (Not Inserted)
282 , LNG BENUE , 01/01/2007 00:00:00, 	(21-FEB-2025 15:01:16)	 (Not Inserted)
282 , PUTERI DELIMA SATU , 01/01/2007 00:00:00, 	(21-FEB-2025 15:01:16)	 (Not Inserted)
282 , CLEAN ENERGY , 01/01/2007 00:00:00, 	(21-FEB-2025 15:01:16)	 (Not Inserted)
282 , MARAN GAS LINDOS , 01/01/2007 00:00:00, 	(21-FEB-2025 15:01:16)	 (Not Inserted)
282 , LNG BORNO , 01/01/2007 00:00:00, 	(21-FEB-2025 15:01:16)	 (Not Inserted)
282 , PALU LNG , 01/01/2007 00:00:00, 	(21-FEB-2025 15:01:16)	 (Not Inserted)
282 , LNG BONNY II , 01/01/2007 00:00:00, 	(21-FEB-2025 15:01:16)	 (Not Inserted)
282 , LNG OGUN , 01/01/2007 00:00:00, 	(21-FEB-2025 15:01:16)	 (Not Inserted)
282 , LNG ABUJA II , 01/01/2007 00:00:00, 	(21-FEB-2025 15:01:16)	 (Not Inserted)
282 , EXPRESS , 01/01/2007 00:00:00, 	(21-FEB-2025 15:01:16)	 (Not Inserted)
282 , SONANGOL SAMBIZANGA , 01/01/2007 00:00:00, 	(21-FEB-2025 15:01:16)	 (Not Inserted)
282 , GASLOG GENEVA , 01/01/2007 00:00:00, 	(21-FEB-2025 15:01:16)	 (Not Inserted)
282 , SYMPHONIC BREEZE , 01/01/2007 00:00:00, 	(21-FEB-2025 15:01:16)	 (Not Inserted)
282 , MACOMA , 01/01/2007 00:00:00, 	(21-FEB-2025 15:01:16)	 (Not Inserted)
282 , PSKOV , 01/01/2007 00:00:00, 	(21-FEB-2025 15:01:16)	 (Not Inserted)
282 , METHANE NILE EAGLE , 01/01/2007 00:00:00, 	(21-FEB-2025 15:01:16)	 (Not Inserted)
282 , SERI CAMELLIA , 01/01/2007 00:00:00, 	(21-FEB-2025 15:01:16)	 (Not Inserted)
282 , GRACILIS , 01/01/2007 00:00:00, 	(21-FEB-2025 15:01:16)	 (Not Inserted)
282 , GRAND ELENA , 01/01/2007 00:00:00, 	(21-FEB-2025 15:01:16)	 (Not Inserted)
282 , SOHAR LNG , 01/01/2007 00:00:00, 	(21-FEB-2025 15:01:16)	 (Not Inserted)
282 , BERGE ARZEW , 01/01/2007 00:00:00, 	(21-FEB-2025 15:01:16)	 (Not Inserted)
282 , SERI ALAM , 01/01/2007 00:00:00, 	(21-FEB-2025 15:01:16)	 (Not Inserted)
282 , LNG TENEGA AMPET , 01/01/2007 00:00:00, 	(21-FEB-2025 15:01:16)	 (Not Inserted)
282 , SERI BEGAWAN , 01/01/2007 00:00:00, 	(21-FEB-2025 15:01:16)	 (Not Inserted)
282 , SALALAH LNG , 01/01/2007 00:00:00, 	(21-FEB-2025 15:01:16)	 (Not Inserted)
282 , SERI BIJASKSANA , 01/01/2007 00:00:00, 	(21-FEB-2025 15:01:16)	 (Not Inserted)
282 , BRITISH RUBY , 01/01/2007 00:00:00, 	(21-FEB-2025 15:01:16)	 (Not Inserted)
282 , GOLAR MAZO , 01/01/2007 00:00:00, 	(21-FEB-2025 15:01:16)	 (Not Inserted)
282 , GRAND MEREYA , 01/01/2007 00:00:00, 	(21-FEB-2025 15:01:16)	 (Not Inserted)
282 , HYUNDAI AQUAPIA , 01/01/2007 00:00:00, 	(21-FEB-2025 15:01:16)	 (Not Inserted)
282 , AL SAHLA , 01/01/2007 00:00:00, 	(21-FEB-2025 15:01:16)	 (Not Inserted)
282 , AL NUAMAN , 01/01/2007 00:00:00, 	(21-FEB-2025 15:01:16)	 (Not Inserted)
282 , LNG PIONEER , 01/01/2007 00:00:00, 	(21-FEB-2025 15:01:16)	 (Not Inserted)
282 , AL WAJBAH , 01/01/2007 00:00:00, 	(21-FEB-2025 15:01:16)	 (Not Inserted)
282 , AL BIDDA , 01/01/2007 00:00:00, 	(21-FEB-2025 15:01:16)	 (Not Inserted)
282 , AL GHASHAMIYA , 01/01/2007 00:00:00, 	(21-FEB-2025 15:01:16)	 (Not Inserted)
282 , CADIZ KNUTSEN , 01/01/2007 00:00:00, 	(21-FEB-2025 15:01:16)	 (Not Inserted)
282 , AL KHARSAAH , 01/01/2007 00:00:00, 	(21-FEB-2025 15:01:16)	 (Not Inserted)
282 , SERI BALHAF , 01/01/2007 00:00:00, 	(21-FEB-2025 15:01:16)	 (Not Inserted)
282 , MURWAB , 01/01/2007 00:00:00, 	(21-FEB-2025 15:01:16)	 (Not Inserted)
282 , OYO , 01/01/2007 00:00:00, 	(21-FEB-2025 15:01:16)	 (Not Inserted)
282 , AL KARAANA , 01/01/2007 00:00:00, 	(21-FEB-2025 15:01:16)	 (Not Inserted)
282 , AL SADD , 01/01/2007 00:00:00, 	(21-FEB-2025 15:01:16)	 (Not Inserted)
282 , AL KHATTIYA , 01/01/2007 00:00:00, 	(21-FEB-2025 15:01:16)	 (Not Inserted)
282 , TRINITY ARROW , 01/01/2007 00:00:00, 	(21-FEB-2025 15:01:16)	 (Not Inserted)
282 , BW GDF SUEZ PARIS , 01/01/2007 00:00:00, 	(21-FEB-2025 15:01:16)	 (Not Inserted)
282 , AL REKAYYAT , 01/01/2007 00:00:00, 	(21-FEB-2025 15:01:16)	 (Not Inserted)
282 , UMM BAB , 01/01/2007 00:00:00, 	(21-FEB-2025 15:01:16)	 (Not Inserted)
282 , UMMAL AMAD , 01/01/2007 00:00:00, 	(21-FEB-2025 15:01:16)	 (Not Inserted)
282 , LNG ENUGU , 01/01/2007 00:00:00, 	(21-FEB-2025 15:01:16)	 (Not Inserted)
282 , GASLOG SALEM , 01/01/2007 00:00:00, 	(21-FEB-2025 15:01:16)	 (Not Inserted)
282 , AL JASRA , 01/01/2007 00:00:00, 	(21-FEB-2025 15:01:16)	 (Not Inserted)
282 , AL KHAZNAH , 01/01/2007 00:00:00, 	(21-FEB-2025 15:01:16)	 (Not Inserted)
282 , LNG IMO , 01/01/2007 00:00:00, 	(21-FEB-2025 15:01:16)	 (Not Inserted)
282 , ARCTIC AURORA , 01/01/2007 00:00:00, 	(21-FEB-2025 15:01:16)	 (Not Inserted)
282 , WILPRIDE , 01/01/2007 00:00:00, 	(21-FEB-2025 15:01:16)	 (Not Inserted)
282 , LNG ONDO , 01/01/2007 00:00:00, 	(21-FEB-2025 15:01:16)	 (Not Inserted)
282 , MARAN GAS ALEXANDRIA , 01/01/2007 00:00:00, 	(21-FEB-2025 15:01:16)	 (Not Inserted)
282 , MARAN GAS TROY , 01/01/2007 00:00:00, 	(21-FEB-2025 15:01:16)	 (Not Inserted)
282 , MARAN GAS AGAMEMNON , 01/01/2007 00:00:00, 	(21-FEB-2025 15:01:16)	 (Not Inserted)
282 , ASIA ENERGY , 01/01/2007 00:00:00, 	(21-FEB-2025 15:01:16)	 (Not Inserted)
282 , MARAN GAS MYSTRAS , 01/01/2007 00:00:00, 	(21-FEB-2025 15:01:16)	 (Not Inserted)
282 , MARAN GAS APOLLONIA , 01/01/2007 00:00:00, 	(21-FEB-2025 15:01:16)	 (Not Inserted)
282 , GASLOG GIBRALTAR , 01/01/2007 00:00:00, 	(21-FEB-2025 15:01:16)	 (Not Inserted)
282 , BRITISH EMERALD , 01/01/2007 00:00:00, 	(21-FEB-2025 15:01:16)	 (Not Inserted)
282 , GOLAR GLACIER , 01/01/2007 00:00:00, 	(21-FEB-2025 15:01:16)	 (Not Inserted)
282 , GRACE COSMOS , 01/01/2007 00:00:00, 	(21-FEB-2025 15:01:16)	 (Not Inserted)
282 , CLEAN HORIZON , 01/01/2007 00:00:00, 	(21-FEB-2025 15:01:16)	 (Not Inserted)
282 , GASLOG GLASGOW , 01/01/2007 00:00:00, 	(21-FEB-2025 15:01:16)	 (Not Inserted)
282 , CORCOVADO LNG , 01/01/2007 00:00:00, 	(21-FEB-2025 15:01:16)	 (Not Inserted)
282 , BW GDF SUEZ BRUSSELS , 01/01/2007 00:00:00, 	(21-FEB-2025 15:01:16)	 (Not Inserted)
282 , NEO ENERGY , 01/01/2007 00:00:00, 	(21-FEB-2025 15:01:16)	 (Not Inserted)
282 , EJNAN  , 01/01/2007 00:00:00, 	(21-FEB-2025 15:01:16)	 (Not Inserted)
282 , GRANOSA , 01/01/2007 00:00:00, 	(21-FEB-2025 15:01:16)	 (Not Inserted)
282 , AL THAKHIRA , 01/01/2007 00:00:00, 	(21-FEB-2025 15:01:16)	 (Not Inserted)
282 , LNG BAYELSA , 01/01/2007 00:00:00, 	(21-FEB-2025 15:01:16)	 (Not Inserted)
282 , SIMAISMA , 01/01/2007 00:00:00, 	(21-FEB-2025 15:01:16)	 (Not Inserted)
282 , LNG CROSS RIVER , 01/01/2007 00:00:00, 	(21-FEB-2025 15:01:16)	 (Not Inserted)
282 , LNG MARAN GAS ASCLEPIUS , 01/01/2007 00:00:00, 	(21-FEB-2025 15:01:16)	 (Not Inserted)
282 , GRAND ANIVA , 01/01/2007 00:00:00, 	(21-FEB-2025 15:01:16)	 (Not Inserted)
282 , BRITISH MERCHANT , 01/01/2007 00:00:00, 	(21-FEB-2025 15:01:16)	 (Not Inserted)
282 , GASELYS , 01/01/2007 00:00:00, 	(21-FEB-2025 15:01:16)	 (Not Inserted)
282 , GALEA , 01/01/2007 00:00:00, 	(21-FEB-2025 15:01:16)	 (Not Inserted)
282 , LNG FINIMA , 01/01/2007 00:00:00, 	(21-FEB-2025 15:01:16)	 (Not Inserted)
282 , EXCEL , 01/01/2007 00:00:00, 	(21-FEB-2025 15:01:16)	 (Not Inserted)
282 , DUMMY VESSEL , 01/01/2007 00:00:00, 	(21-FEB-2025 15:01:16)	 (Not Inserted)
282 , MITHANE SHIRLEY ELISABETH , 01/01/2007 00:00:00, 	(21-FEB-2025 15:01:16)	 (Not Inserted)
282 , BORNO , 01/01/2007 00:00:00, 	(21-FEB-2025 15:01:16)	 (Not Inserted)
282 , MAESK METHANE , 01/01/2007 00:00:00, 	(21-FEB-2025 15:01:16)	 (Not Inserted)
282 , AL MARROUNA , 01/01/2007 00:00:00, 	(21-FEB-2025 15:01:16)	 (Not Inserted)
282 , AL HAMLA , 01/01/2007 00:00:00, 	(21-FEB-2025 15:01:16)	 (Not Inserted)
282 , AL GATTARA , 01/01/2007 00:00:00, 	(21-FEB-2025 15:01:16)	 (Not Inserted)
282 , FUWAIRIT , 01/01/2007 00:00:00, 	(21-FEB-2025 15:01:16)	 (Not Inserted)
282 , AL AREESH , 01/01/2007 00:00:00, 	(21-FEB-2025 15:01:16)	 (Not Inserted)
282 , AL UTOURIYA , 01/01/2007 00:00:00, 	(21-FEB-2025 15:01:16)	 (Not Inserted)
282 , LNG SOKOTO , 01/01/2007 00:00:00, 	(21-FEB-2025 15:01:16)	 (Not Inserted)
282 , MAERSK MARIB , 01/01/2007 00:00:00, 	(21-FEB-2025 15:01:16)	 (Not Inserted)
282 , AL GHARIYA , 01/01/2007 00:00:00, 	(21-FEB-2025 15:01:16)	 (Not Inserted)
282 , AL KHOR , 01/01/2007 00:00:00, 	(21-FEB-2025 15:01:16)	 (Not Inserted)
282 , AL ZUBARAH , 01/01/2007 00:00:00, 	(21-FEB-2025 15:01:16)	 (Not Inserted)
282 , AL SAFLIYA , 01/01/2007 00:00:00, 	(21-FEB-2025 15:01:16)	 (Not Inserted)
282 , AL BAHIYA , 01/01/2007 00:00:00, 	(21-FEB-2025 15:01:16)	 (Not Inserted)
282 , AL RUWAIS , 01/01/2007 00:00:00, 	(21-FEB-2025 15:01:16)	 (Not Inserted)
282 , ENERGY NAVIGATOR , 01/01/2007 00:00:00, 	(21-FEB-2025 15:01:16)	 (Not Inserted)
282 , ARCTIC LADY , 01/01/2007 00:00:00, 	(21-FEB-2025 15:01:16)	 (Not Inserted)
282 , AL HUWAILA , 01/01/2007 00:00:00, 	(21-FEB-2025 15:01:16)	 (Not Inserted)
282 , DUHAIL , 01/01/2007 00:00:00, 	(21-FEB-2025 15:01:16)	 (Not Inserted)
282 , LNG ADAMAWA , 01/01/2007 00:00:00, 	(21-FEB-2025 15:01:16)	 (Not Inserted)
282 , MAERSK ARWA , 01/01/2007 00:00:00, 	(21-FEB-2025 15:01:16)	 (Not Inserted)
282 , AL KHARAITIYAT , 01/01/2007 00:00:00, 	(21-FEB-2025 15:01:16)	 (Not Inserted)
282 , AL GHARRAFA , 01/01/2007 00:00:00, 	(21-FEB-2025 15:01:16)	 (Not Inserted)
282 , AL DEEBEL , 01/01/2007 00:00:00, 	(21-FEB-2025 15:01:16)	 (Not Inserted)
282 , MESAIMEER , 01/01/2007 00:00:00, 	(21-FEB-2025 15:01:16)	 (Not Inserted)
282 , AL ORAIQ , 01/01/2007 00:00:00, 	(21-FEB-2025 15:01:16)	 (Not Inserted)
282 , AL KHUWAIR , 01/01/2007 00:00:00, 	(21-FEB-2025 15:01:16)	 (Not Inserted)
282 , LNG SOLARIS , 01/01/2007 00:00:00, 	(21-FEB-2025 15:01:16)	 (Not Inserted)
282 , LNG KHATTIYA , 01/01/2007 00:00:00, 	(21-FEB-2025 15:01:16)	 (Not Inserted)
282 , TRINITY GLORY , 01/01/2007 00:00:00, 	(21-FEB-2025 15:01:16)	 (Not Inserted)
282 , GDF SUEZ CAPE ANN , 01/01/2007 00:00:00, 	(21-FEB-2025 15:01:16)	 (Not Inserted)
282 , IBERICA KNUTSEN , 01/01/2007 00:00:00, 	(21-FEB-2025 15:01:16)	 (Not Inserted)
282 , METHANE LYDON VOLNEY , 01/01/2007 00:00:00, 	(21-FEB-2025 15:01:16)	 (Not Inserted)
282 , METHANE RITA ANDREA , 01/01/2007 00:00:00, 	(21-FEB-2025 15:01:16)	 (Not Inserted)
282 , CATALUNYA SPIRIT , 01/01/2007 00:00:00, 	(21-FEB-2025 15:01:16)	 (Not Inserted)
282 , TEMBEK , 01/01/2007 00:00:00, 	(21-FEB-2025 15:01:16)	 (Not Inserted)
282 , MAERSK MAGELLAN , 01/01/2007 00:00:00, 	(21-FEB-2025 15:01:16)	 (Not Inserted)
282 , GEMMATA , 01/01/2007 00:00:00, 	(21-FEB-2025 15:01:16)	 (Not Inserted)
282 , GALEOMMA , 01/01/2007 00:00:00, 	(21-FEB-2025 15:01:16)	 (Not Inserted)
282 , GALLINA , 01/01/2007 00:00:00, 	(21-FEB-2025 15:01:16)	 (Not Inserted)
282 , LNG RIVER NIGER , 01/01/2007 00:00:00, 	(21-FEB-2025 15:01:16)	 (Not Inserted)
282 , NIZWA LNG , 01/01/2007 00:00:00, 	(21-FEB-2025 15:01:16)	 (Not Inserted)
282 , MUSCAT LNG , 01/01/2007 00:00:00, 	(21-FEB-2025 15:01:16)	 (Not Inserted)
282 , CASTILLO DE VILLALBA , 01/01/2007 00:00:00, 	(21-FEB-2025 15:01:16)	 (Not Inserted)
282 , MAERSK QATAR , 01/01/2007 00:00:00, 	(21-FEB-2025 15:01:16)	 (Not Inserted)
282 , SERI BALQIS , 01/01/2007 00:00:00, 	(21-FEB-2025 15:01:16)	 (Not Inserted)
282 , EXCALLIBUR , 01/01/2007 00:00:00, 	(21-FEB-2025 15:01:16)	 (Not Inserted)
282 , SERI ANGKASA , 01/01/2007 00:00:00, 	(21-FEB-2025 15:01:16)	 (Not Inserted)
282 , GRANDIS , 01/01/2007 00:00:00, 	(21-FEB-2025 15:01:16)	 (Not Inserted)
282 , IBRA LNG , 01/01/2007 00:00:00, 	(21-FEB-2025 15:01:16)	 (Not Inserted)
282 , GOLAR FROST , 01/01/2007 00:00:00, 	(21-FEB-2025 15:01:16)	 (Not Inserted)
282 , CLEAN POWER , 01/01/2007 00:00:00, 	(21-FEB-2025 15:01:16)	 (Not Inserted)
282 , ARWA SPIRIT , 01/01/2007 00:00:00, 	(21-FEB-2025 15:01:16)	 (Not Inserted)
282 , ZEKREET , 01/01/2007 00:00:00, 	(21-FEB-2025 15:01:16)	 (Not Inserted)
282 , MILAHA RAS LAFFAN , 01/01/2007 00:00:00, 	(21-FEB-2025 15:01:16)	 (Not Inserted)
282 , ONAIZA , 01/01/2007 00:00:00, 	(21-FEB-2025 15:01:16)	 (Not Inserted)
282 , AL AAMRIYA , 01/01/2007 00:00:00, 	(21-FEB-2025 15:01:16)	 (Not Inserted)
282 , AL DAAYEN , 01/01/2007 00:00:00, 	(21-FEB-2025 15:01:16)	 (Not Inserted)
282 , AL THUMAMA , 01/01/2007 00:00:00, 	(21-FEB-2025 15:01:16)	 (Not Inserted)
282 , FRAIHA , 01/01/2007 00:00:00, 	(21-FEB-2025 15:01:16)	 (Not Inserted)
282 , LNG RIVERS , 01/01/2007 00:00:00, 	(21-FEB-2025 15:01:16)	 (Not Inserted)
282 , GDF SUEZ POINT FORTIN , 01/01/2007 00:00:00, 	(21-FEB-2025 15:01:16)	 (Not Inserted)
282 , AL SHAMAL , 01/01/2007 00:00:00, 	(21-FEB-2025 15:01:16)	 (Not Inserted)
282 , AL SHEEHANIYA , 01/01/2007 00:00:00, 	(21-FEB-2025 15:01:16)	 (Not Inserted)
282 , LNG AKWA IBOM , 01/01/2007 00:00:00, 	(21-FEB-2025 15:01:16)	 (Not Inserted)
282 , MADRID SPIRIT , 01/01/2007 00:00:00, 	(21-FEB-2025 15:01:16)	 (Not Inserted)
282 , CLEAN OCEAN , 01/01/2007 00:00:00, 	(21-FEB-2025 15:01:16)	 (Not Inserted)
282 , SEISHU MARU , 01/01/2007 00:00:00, 	(21-FEB-2025 15:01:16)	 (Not Inserted)
282 , VALENCIA KNUTSEN , 01/01/2007 00:00:00, 	(21-FEB-2025 15:01:16)	 (Not Inserted)
282 , GOLAR SPIRIT , 01/01/2007 00:00:00, 	(21-FEB-2025 15:01:16)	 (Not Inserted)
282 , LNG KANO , 01/01/2007 00:00:00, 	(21-FEB-2025 15:01:16)	 (Not Inserted)
282 , HONGKONG ENERGY , 01/01/2007 00:00:00, 	(21-FEB-2025 15:01:16)	 (Not Inserted)
282 , MARVEL HAWK , 01/01/2007 00:00:00, 	(21-FEB-2025 15:01:16)	 (Not Inserted)
282 , ITL , 01/01/2007 00:00:00, 	(21-FEB-2025 15:01:16)	 (Not Inserted)
282 , LENA RIVER , 01/01/2007 00:00:00, 	(21-FEB-2025 15:01:16)	 (Not Inserted)
282 , ENERGY INTEGRITY , 01/01/2007 00:00:00, 	(21-FEB-2025 15:01:16)	 (Not Inserted)
282 , LNG ENTERPRISE , 01/01/2007 00:00:00, 	(21-FEB-2025 15:01:16)	 (Not Inserted)
282 , WEN CHENG , 01/01/2007 00:00:00, 	(21-FEB-2025 15:01:16)	 (Not Inserted)
282 , TANGGUH PALUNG , 01/01/2007 00:00:00, 	(21-FEB-2025 15:01:16)	 (Not Inserted)
282 , EXTREMADURA KNUTSEN , 01/01/2007 00:00:00, 	(21-FEB-2025 15:01:16)	 (Not Inserted)
282 , AMORE MIO I , 01/01/2007 00:00:00, 	(21-FEB-2025 15:01:16)	 (Not Inserted)
282 , BW ENN SNOW LOTUS , 01/01/2007 00:00:00, 	(21-FEB-2025 15:01:16)	 (Not Inserted)
282 , ENERGY ENDEAVOUR , 01/01/2007 00:00:00, 	(21-FEB-2025 15:01:16)	 (Not Inserted)
282 , WUDANG , 01/01/2007 00:00:00, 	(21-FEB-2025 15:01:16)	 (Not Inserted)
282 , KOOL BLIZZARD , 01/01/2007 00:00:00, 	(21-FEB-2025 15:01:16)	 (Not Inserted)

TOTAL DATA IN EXCEL : ,281,, 	(21-FEB-2025 15:01:16)
 

TOTAL DATA INSERTED : ,0,, 	(21-FEB-2025 15:01:16)
 

TOTAL SKIPPED DATA ,281,, 	(21-FEB-2025 15:01:16)
 
<<END>>,<<FMS_SHIP_MST>>,, 	(21-FEB-2025 15:01:16)
 

<<START>>,<<FMS_ENTITY_CONTACT_MST>>,,,,,, 	(21-FEB-2025 15:01:16)
 
COMPANY_CD,CD,ABBR,ENTITY,SEQ_NO,EFF_DT,ADDR_FLAG,TIMESTAMP
2 ,1 , RIL , C , 52 , 31/01/2018 00:00:00 , P8, 	(21-FEB-2025 15:01:17)	 (Not Inserted)
2 ,1 , RIL , C , 5 , 10/02/2012 00:00:00 , P2, 	(21-FEB-2025 15:01:17)	 (Not Inserted)
2 ,1 , RIL , C , 54 , 31/01/2018 00:00:00 , 18, 	(21-FEB-2025 15:01:17)	 (Not Inserted)
2 ,1 , RIL , C , 32 , 14/09/2008 00:00:00 , P4, 	(21-FEB-2025 15:01:17)	 (Not Inserted)
2 ,1 , RIL , C , 20 , 14/09/2008 00:00:00 , R, 	(21-FEB-2025 15:01:17)	 (Not Inserted)
2 ,1 , RIL , C , 23 , 14/09/2008 00:00:00 , R, 	(21-FEB-2025 15:01:17)	 (Not Inserted)
2 ,1 , RIL , C , 17 , 14/09/2008 00:00:00 , R, 	(21-FEB-2025 15:01:17)	 (Not Inserted)
2 ,1 , RIL , C , 18 , 14/09/2008 00:00:00 , R, 	(21-FEB-2025 15:01:17)	 (Not Inserted)
2 ,1 , RIL , C , 12 , 14/09/2008 00:00:00 , P4, 	(21-FEB-2025 15:01:17)	 (Not Inserted)
2 ,1 , RIL , C , 2 , 14/09/2008 00:00:00 , P8, 	(21-FEB-2025 15:01:17)	 (Not Inserted)
2 ,1 , RIL , C , 3 , 14/09/2008 00:00:00 , P2, 	(21-FEB-2025 15:01:17)	 (Not Inserted)
2 ,1 , RIL , C , 19 , 14/09/2008 00:00:00 , R, 	(21-FEB-2025 15:01:17)	 (Not Inserted)
2 ,1 , RIL , C , 58 , 01/01/2020 00:00:00 , P15, 	(21-FEB-2025 15:01:17)	 (Not Inserted)
2 ,1 , RIL , C , 14 , 14/09/2008 00:00:00 , P4, 	(21-FEB-2025 15:01:17)	 (Not Inserted)
2 ,1 , RIL , C , 27 , 14/09/2008 00:00:00 , R, 	(21-FEB-2025 15:01:17)	 (Not Inserted)
2 ,1 , RIL , C , 22 , 14/09/2008 00:00:00 , R, 	(21-FEB-2025 15:01:17)	 (Not Inserted)
2 ,1 , RIL , C , 16 , 14/09/2008 00:00:00 , C, 	(21-FEB-2025 15:01:17)	 (Not Inserted)
2 ,1 , RIL , C , 60 , 01/01/2020 00:00:00 , P15, 	(21-FEB-2025 15:01:17)	 (Not Inserted)
2 ,1 , RIL , C , 38 , 03/09/2013 00:00:00 , P9, 	(21-FEB-2025 15:01:17)	 (Not Inserted)
2 ,1 , RIL , C , 7 , 14/09/2008 00:00:00 , C, 	(21-FEB-2025 15:01:17)	 (Not Inserted)
2 ,1 , RIL , C , 21 , 14/09/2008 00:00:00 , R, 	(21-FEB-2025 15:01:17)	 (Not Inserted)
2 ,1 , RIL , C , 9 , 14/09/2008 00:00:00 , P4, 	(21-FEB-2025 15:01:17)	 (Not Inserted)
2 ,1 , RIL , C , 11 , 14/09/2008 00:00:00 , P4, 	(21-FEB-2025 15:01:17)	 (Not Inserted)
2 ,1 , RIL , C , 28 , 14/09/2008 00:00:00 , R, 	(21-FEB-2025 15:01:17)	 (Not Inserted)
2 ,1 , RIL , C , 13 , 14/09/2008 00:00:00 , P4, 	(21-FEB-2025 15:01:17)	 (Not Inserted)
2 ,1 , RIL , C , 5 , 14/09/2008 00:00:00 , P2, 	(21-FEB-2025 15:01:17)	 (Not Inserted)
2 ,1 , RIL , C , 10 , 14/09/2008 00:00:00 , P4, 	(21-FEB-2025 15:01:17)	 (Not Inserted)
2 ,1 , RIL , C , 6 , 14/09/2008 00:00:00 , R, 	(21-FEB-2025 15:01:17)	 (Not Inserted)
2 ,1 , RIL , C , 59 , 01/01/2020 00:00:00 , P15, 	(21-FEB-2025 15:01:17)	 (Not Inserted)
2 ,1 , RIL , C , 24 , 14/09/2008 00:00:00 , R, 	(21-FEB-2025 15:01:17)	 (Not Inserted)
2 ,1 , RIL , C , 4 , 10/02/2012 00:00:00 , P2, 	(21-FEB-2025 15:01:17)	 (Not Inserted)
2 ,1 , RIL , C , 4 , 14/09/2008 00:00:00 , P2, 	(21-FEB-2025 15:01:17)	 (Not Inserted)
2 ,1 , RIL , C , 15 , 14/09/2008 00:00:00 , P4, 	(21-FEB-2025 15:01:17)	 (Not Inserted)
2 ,1 , RIL , C , 8 , 14/09/2008 00:00:00 , P4, 	(21-FEB-2025 15:01:17)	 (Not Inserted)
2 ,1 , RIL , C , 26 , 14/09/2008 00:00:00 , R, 	(21-FEB-2025 15:01:17)	 (Not Inserted)
2 ,1 , RIL , C , 1 , 14/09/2008 00:00:00 , R, 	(21-FEB-2025 15:01:17)	 (Not Inserted)
2 ,1 , RIL , C , 25 , 14/09/2008 00:00:00 , R, 	(21-FEB-2025 15:01:17)	 (Not Inserted)
2 ,1 , RIL , C , 55 , 31/01/2018 00:00:00 , 18, 	(21-FEB-2025 15:01:17)	 (Not Inserted)
2 ,1 , RIL , C , 53 , 31/01/2018 00:00:00 , P8, 	(21-FEB-2025 15:01:17)	 (Not Inserted)
2 ,1 , RIL , C , 3 , 10/02/2012 00:00:00 , R, 	(21-FEB-2025 15:01:17)	 (Not Inserted)
2 ,1 , RIL , C , 3 , 14/09/2008 00:00:00 , P2, 	(21-FEB-2025 15:01:17)	 (Not Inserted)
2 ,1 , RIL , C , 3 , 14/09/2008 00:00:00 , P3, 	(21-FEB-2025 15:01:17)	 (Not Inserted)
2 ,1 , RIL , C , 3 , 14/09/2008 00:00:00 , P6, 	(21-FEB-2025 15:01:17)	 (Not Inserted)
2 ,1 , RIL , C , 3 , 14/09/2008 00:00:00 , P4, 	(21-FEB-2025 15:01:17)	 (Not Inserted)
2 ,1 , RIL , C , 3 , 31/01/2018 00:00:00 , P7, 	(21-FEB-2025 15:01:17)	 (Not Inserted)
2 ,1 , RIL , C , 3 , 14/09/2008 00:00:00 , P7, 	(21-FEB-2025 15:01:17)	 (Not Inserted)
2 ,1 , RIL , C , 3 , 01/04/2011 00:00:00 , P7, 	(21-FEB-2025 15:01:17)	 (Not Inserted)
2 ,1 , RIL , C , 3 , 21/01/2018 00:00:00 , P7, 	(21-FEB-2025 15:01:17)	 (Not Inserted)
2 ,1 , RIL , C , 3 , 14/09/2008 00:00:00 , P5, 	(21-FEB-2025 15:01:17)	 (Not Inserted)
2 ,1 , RIL , C , 3 , 14/09/2008 00:00:00 , 18, 	(21-FEB-2025 15:01:17)	 (Not Inserted)
2 ,1 , RIL , C , 3 , 01/01/2013 00:00:00 , P8, 	(21-FEB-2025 15:01:17)	 (Not Inserted)
2 ,1 , RIL , C , 3 , 01/09/2013 00:00:00 , P9, 	(21-FEB-2025 15:01:17)	 (Not Inserted)
2 ,1 , RIL , C , 3 , 01/09/2013 00:00:00 , P9, 	(21-FEB-2025 15:01:17)	 (Not Inserted)
2 ,1 , RIL , C , 3 , 26/09/2013 00:00:00 , P10, 	(21-FEB-2025 15:01:17)	 (Not Inserted)
2 ,1 , RIL , C , 3 , 28/02/2017 00:00:00 , P11, 	(21-FEB-2025 15:01:17)	 (Not Inserted)
2 ,1 , RIL , C , 3 , 28/02/2017 00:00:00 , P12, 	(21-FEB-2025 15:01:17)	 (Not Inserted)
2 ,1 , RIL , C , 3 , 01/07/2017 00:00:00 , P13, 	(21-FEB-2025 15:01:17)	 (Not Inserted)
2 ,1 , RIL , C , 3 , 01/07/2017 00:00:00 , P14, 	(21-FEB-2025 15:01:17)	 (Not Inserted)
2 ,1 , RIL , C , 3 , 31/01/2018 00:00:00 , P7, 	(21-FEB-2025 15:01:17)	 (Not Inserted)
2 ,1 , RIL , C , 3 , 01/06/2021 00:00:00 , P16, 	(21-FEB-2025 15:01:17)	 (Not Inserted)
2 ,1 , RIL , C , 3 , 01/06/2021 00:00:00 , P17, 	(21-FEB-2025 15:01:17)	 (Not Inserted)
2 ,1 , RIL , C , 3 , 01/07/2021 00:00:00 , P5, 	(21-FEB-2025 15:01:17)	 (Not Inserted)
2 ,1 , RIL , C , 3 , 01/07/2021 00:00:00 , P5, 	(21-FEB-2025 15:01:17)	 (Not Inserted)
2 ,1 , RIL , C , 3 , 01/07/2021 00:00:00 , P5, 	(21-FEB-2025 15:01:17)	 (Not Inserted)
2 ,1 , RIL , C , 3 , 01/07/2021 00:00:00 , P5, 	(21-FEB-2025 15:01:17)	 (Not Inserted)
2 ,1 , RIL , C , 62 , 01/01/2020 00:00:00 , P9, 	(21-FEB-2025 15:01:17)	 (Not Inserted)
2 ,1 , RIL , C , 62 , 01/01/2020 00:00:00 , P9, 	(21-FEB-2025 15:01:17)	 (Not Inserted)
2 ,1 , RIL , C , 62 , 01/01/2020 00:00:00 , P9, 	(21-FEB-2025 15:01:17)	 (Not Inserted)
2 ,1 , RIL , C , 62 , 01/01/2020 00:00:00 , P9, 	(21-FEB-2025 15:01:17)	 (Not Inserted)
2 ,1 , RIL , C , 51 , 31/01/2018 00:00:00 , P2, 	(21-FEB-2025 15:01:17)	 (Not Inserted)
2 ,1 , RIL , C , 51 , 01/01/2020 00:00:00 , P2, 	(21-FEB-2025 15:01:17)	 (Not Inserted)
2 ,1 , RIL , C , 47 , 31/01/2018 00:00:00 , B, 	(21-FEB-2025 15:01:17)	 (Not Inserted)
2 ,1 , RIL , C , 47 , 31/01/2018 00:00:00 , B, 	(21-FEB-2025 15:01:17)	 (Not Inserted)
2 ,1 , RIL , C , 47 , 31/01/2018 00:00:00 , B, 	(21-FEB-2025 15:01:17)	 (Not Inserted)
2 ,1 , RIL , C , 47 , 31/01/2018 00:00:00 , B, 	(21-FEB-2025 15:01:17)	 (Not Inserted)
2 ,1 , RIL , C , 56 , 31/01/2018 00:00:00 , B, 	(21-FEB-2025 15:01:17)	 (Not Inserted)
2 ,1 , RIL , C , 56 , 31/01/2018 00:00:00 , B, 	(21-FEB-2025 15:01:17)	 (Not Inserted)
2 ,1 , RIL , C , 46 , 31/01/2018 00:00:00 , B, 	(21-FEB-2025 15:01:17)	 (Not Inserted)
2 ,1 , RIL , C , 46 , 01/01/2020 00:00:00 , B, 	(21-FEB-2025 15:01:17)	 (Not Inserted)
2 ,1 , RIL , C , 46 , 01/01/2020 00:00:00 , B, 	(21-FEB-2025 15:01:17)	 (Not Inserted)
2 ,1 , RIL , C , 52 , 31/01/2018 00:00:00 , P8, 	(21-FEB-2025 15:01:17)	 (Not Inserted)
2 ,1 , RIL , C , 5 , 10/02/2012 00:00:00 , P2, 	(21-FEB-2025 15:01:17)	 (Not Inserted)
2 ,1 , RIL , C , 54 , 31/01/2018 00:00:00 , 18, 	(21-FEB-2025 15:01:17)	 (Not Inserted)
2 ,1 , RIL , C , 32 , 14/09/2008 00:00:00 , P4, 	(21-FEB-2025 15:01:17)	 (Not Inserted)
2 ,1 , RIL , C , 20 , 14/09/2008 00:00:00 , R, 	(21-FEB-2025 15:01:17)	 (Not Inserted)
2 ,1 , RIL , C , 23 , 14/09/2008 00:00:00 , R, 	(21-FEB-2025 15:01:17)	 (Not Inserted)
2 ,1 , RIL , C , 17 , 14/09/2008 00:00:00 , R, 	(21-FEB-2025 15:01:17)	 (Not Inserted)
2 ,1 , RIL , C , 18 , 14/09/2008 00:00:00 , R, 	(21-FEB-2025 15:01:17)	 (Not Inserted)
2 ,1 , RIL , C , 12 , 14/09/2008 00:00:00 , P4, 	(21-FEB-2025 15:01:17)	 (Not Inserted)
2 ,1 , RIL , C , 2 , 14/09/2008 00:00:00 , P8, 	(21-FEB-2025 15:01:17)	 (Not Inserted)
2 ,1 , RIL , C , 3 , 14/09/2008 00:00:00 , P2, 	(21-FEB-2025 15:01:17)	 (Not Inserted)
2 ,1 , RIL , C , 19 , 14/09/2008 00:00:00 , R, 	(21-FEB-2025 15:01:17)	 (Not Inserted)
2 ,1 , RIL , C , 58 , 01/01/2020 00:00:00 , P15, 	(21-FEB-2025 15:01:17)	 (Not Inserted)
2 ,1 , RIL , C , 14 , 14/09/2008 00:00:00 , P4, 	(21-FEB-2025 15:01:17)	 (Not Inserted)
2 ,1 , RIL , C , 27 , 14/09/2008 00:00:00 , R, 	(21-FEB-2025 15:01:17)	 (Not Inserted)
2 ,1 , RIL , C , 22 , 14/09/2008 00:00:00 , R, 	(21-FEB-2025 15:01:17)	 (Not Inserted)
2 ,1 , RIL , C , 16 , 14/09/2008 00:00:00 , C, 	(21-FEB-2025 15:01:17)	 (Not Inserted)
2 ,1 , RIL , C , 60 , 01/01/2020 00:00:00 , P15, 	(21-FEB-2025 15:01:17)	 (Not Inserted)
2 ,1 , RIL , C , 38 , 03/09/2013 00:00:00 , P9, 	(21-FEB-2025 15:01:17)	 (Not Inserted)
2 ,1 , RIL , C , 7 , 14/09/2008 00:00:00 , C, 	(21-FEB-2025 15:01:17)	 (Not Inserted)
2 ,1 , RIL , C , 21 , 14/09/2008 00:00:00 , R, 	(21-FEB-2025 15:01:17)	 (Not Inserted)
2 ,1 , RIL , C , 9 , 14/09/2008 00:00:00 , P4, 	(21-FEB-2025 15:01:17)	 (Not Inserted)
2 ,1 , RIL , C , 11 , 14/09/2008 00:00:00 , P4, 	(21-FEB-2025 15:01:17)	 (Not Inserted)
2 ,1 , RIL , C , 28 , 14/09/2008 00:00:00 , R, 	(21-FEB-2025 15:01:17)	 (Not Inserted)
2 ,1 , RIL , C , 13 , 14/09/2008 00:00:00 , P4, 	(21-FEB-2025 15:01:17)	 (Not Inserted)
2 ,1 , RIL , C , 5 , 14/09/2008 00:00:00 , P2, 	(21-FEB-2025 15:01:17)	 (Not Inserted)
2 ,1 , RIL , C , 10 , 14/09/2008 00:00:00 , P4, 	(21-FEB-2025 15:01:17)	 (Not Inserted)
2 ,1 , RIL , C , 6 , 14/09/2008 00:00:00 , R, 	(21-FEB-2025 15:01:17)	 (Not Inserted)
2 ,1 , RIL , C , 59 , 01/01/2020 00:00:00 , P15, 	(21-FEB-2025 15:01:17)	 (Not Inserted)
2 ,1 , RIL , C , 24 , 14/09/2008 00:00:00 , R, 	(21-FEB-2025 15:01:17)	 (Not Inserted)
2 ,1 , RIL , C , 4 , 10/02/2012 00:00:00 , P2, 	(21-FEB-2025 15:01:17)	 (Not Inserted)
2 ,1 , RIL , C , 4 , 14/09/2008 00:00:00 , P2, 	(21-FEB-2025 15:01:17)	 (Not Inserted)
2 ,1 , RIL , C , 15 , 14/09/2008 00:00:00 , P4, 	(21-FEB-2025 15:01:17)	 (Not Inserted)
2 ,1 , RIL , C , 8 , 14/09/2008 00:00:00 , P4, 	(21-FEB-2025 15:01:17)	 (Not Inserted)
2 ,1 , RIL , C , 26 , 14/09/2008 00:00:00 , R, 	(21-FEB-2025 15:01:17)	 (Not Inserted)
2 ,1 , RIL , C , 1 , 14/09/2008 00:00:00 , R, 	(21-FEB-2025 15:01:17)	 (Not Inserted)
2 ,1 , RIL , C , 25 , 14/09/2008 00:00:00 , R, 	(21-FEB-2025 15:01:17)	 (Not Inserted)
2 ,1 , RIL , C , 55 , 31/01/2018 00:00:00 , 18, 	(21-FEB-2025 15:01:17)	 (Not Inserted)
2 ,1 , RIL , C , 53 , 31/01/2018 00:00:00 , P8, 	(21-FEB-2025 15:01:17)	 (Not Inserted)
2 ,1 , RIL , C , 3 , 10/02/2012 00:00:00 , R, 	(21-FEB-2025 15:01:17)	 (Not Inserted)
2 ,1 , RIL , C , 3 , 14/09/2008 00:00:00 , P2, 	(21-FEB-2025 15:01:17)	 (Not Inserted)
2 ,1 , RIL , C , 3 , 14/09/2008 00:00:00 , P3, 	(21-FEB-2025 15:01:17)	 (Not Inserted)
2 ,1 , RIL , C , 3 , 14/09/2008 00:00:00 , P6, 	(21-FEB-2025 15:01:17)	 (Not Inserted)
2 ,1 , RIL , C , 3 , 14/09/2008 00:00:00 , P4, 	(21-FEB-2025 15:01:17)	 (Not Inserted)
2 ,1 , RIL , C , 3 , 31/01/2018 00:00:00 , P7, 	(21-FEB-2025 15:01:17)	 (Not Inserted)
2 ,1 , RIL , C , 3 , 14/09/2008 00:00:00 , P7, 	(21-FEB-2025 15:01:17)	 (Not Inserted)
2 ,1 , RIL , C , 3 , 01/04/2011 00:00:00 , P7, 	(21-FEB-2025 15:01:17)	 (Not Inserted)
2 ,1 , RIL , C , 3 , 21/01/2018 00:00:00 , P7, 	(21-FEB-2025 15:01:17)	 (Not Inserted)
2 ,1 , RIL , C , 3 , 14/09/2008 00:00:00 , P5, 	(21-FEB-2025 15:01:17)	 (Not Inserted)
2 ,1 , RIL , C , 3 , 14/09/2008 00:00:00 , 18, 	(21-FEB-2025 15:01:17)	 (Not Inserted)
2 ,1 , RIL , C , 3 , 01/01/2013 00:00:00 , P8, 	(21-FEB-2025 15:01:17)	 (Not Inserted)
2 ,1 , RIL , C , 3 , 01/09/2013 00:00:00 , P9, 	(21-FEB-2025 15:01:17)	 (Not Inserted)
2 ,1 , RIL , C , 3 , 01/09/2013 00:00:00 , P9, 	(21-FEB-2025 15:01:17)	 (Not Inserted)
2 ,1 , RIL , C , 3 , 26/09/2013 00:00:00 , P10, 	(21-FEB-2025 15:01:17)	 (Not Inserted)
2 ,1 , RIL , C , 3 , 28/02/2017 00:00:00 , P11, 	(21-FEB-2025 15:01:17)	 (Not Inserted)
2 ,1 , RIL , C , 3 , 28/02/2017 00:00:00 , P12, 	(21-FEB-2025 15:01:17)	 (Not Inserted)
2 ,1 , RIL , C , 3 , 01/07/2017 00:00:00 , P13, 	(21-FEB-2025 15:01:17)	 (Not Inserted)
2 ,1 , RIL , C , 3 , 01/07/2017 00:00:00 , P14, 	(21-FEB-2025 15:01:17)	 (Not Inserted)
2 ,1 , RIL , C , 3 , 31/01/2018 00:00:00 , P7, 	(21-FEB-2025 15:01:17)	 (Not Inserted)
2 ,1 , RIL , C , 3 , 01/06/2021 00:00:00 , P16, 	(21-FEB-2025 15:01:17)	 (Not Inserted)
2 ,1 , RIL , C , 3 , 01/06/2021 00:00:00 , P17, 	(21-FEB-2025 15:01:17)	 (Not Inserted)
2 ,1 , RIL , C , 3 , 01/07/2021 00:00:00 , P5, 	(21-FEB-2025 15:01:17)	 (Not Inserted)
2 ,1 , RIL , C , 3 , 01/07/2021 00:00:00 , P5, 	(21-FEB-2025 15:01:17)	 (Not Inserted)
2 ,1 , RIL , C , 3 , 01/07/2021 00:00:00 , P5, 	(21-FEB-2025 15:01:17)	 (Not Inserted)
2 ,1 , RIL , C , 3 , 01/07/2021 00:00:00 , P5, 	(21-FEB-2025 15:01:17)	 (Not Inserted)
2 ,1 , RIL , C , 62 , 01/01/2020 00:00:00 , P9, 	(21-FEB-2025 15:01:17)	 (Not Inserted)
2 ,1 , RIL , C , 62 , 01/01/2020 00:00:00 , P9, 	(21-FEB-2025 15:01:17)	 (Not Inserted)
2 ,1 , RIL , C , 62 , 01/01/2020 00:00:00 , P9, 	(21-FEB-2025 15:01:17)	 (Not Inserted)
2 ,1 , RIL , C , 62 , 01/01/2020 00:00:00 , P9, 	(21-FEB-2025 15:01:17)	 (Not Inserted)
2 ,1 , RIL , C , 51 , 31/01/2018 00:00:00 , P2, 	(21-FEB-2025 15:01:17)	 (Not Inserted)
2 ,1 , RIL , C , 51 , 01/01/2020 00:00:00 , P2, 	(21-FEB-2025 15:01:17)	 (Not Inserted)
2 ,1 , RIL , C , 47 , 31/01/2018 00:00:00 , B, 	(21-FEB-2025 15:01:17)	 (Not Inserted)
2 ,1 , RIL , C , 47 , 31/01/2018 00:00:00 , B, 	(21-FEB-2025 15:01:17)	 (Not Inserted)
2 ,1 , RIL , C , 47 , 31/01/2018 00:00:00 , B, 	(21-FEB-2025 15:01:17)	 (Not Inserted)
2 ,1 , RIL , C , 47 , 31/01/2018 00:00:00 , B, 	(21-FEB-2025 15:01:17)	 (Not Inserted)
2 ,1 , RIL , C , 56 , 31/01/2018 00:00:00 , B, 	(21-FEB-2025 15:01:17)	 (Not Inserted)
2 ,1 , RIL , C , 56 , 31/01/2018 00:00:00 , B, 	(21-FEB-2025 15:01:17)	 (Not Inserted)
2 ,1 , RIL , C , 46 , 31/01/2018 00:00:00 , B, 	(21-FEB-2025 15:01:17)	 (Not Inserted)
2 ,1 , RIL , C , 46 , 01/01/2020 00:00:00 , B, 	(21-FEB-2025 15:01:17)	 (Not Inserted)
2 ,1 , RIL , C , 46 , 01/01/2020 00:00:00 , B, 	(21-FEB-2025 15:01:17)	 (Not Inserted)
2 ,2 , MGL , C , 4 , 16/07/2009 00:00:00 , C, 	(21-FEB-2025 15:01:17)	 (Not Inserted)
2 ,2 , MGL , C , 3 , 16/07/2009 00:00:00 , B, 	(21-FEB-2025 15:01:17)	 (Not Inserted)
2 ,2 , MGL , C , 3 , 09/05/2022 00:00:00 , B, 	(21-FEB-2025 15:01:17)	 (Not Inserted)
2 ,2 , MGL , C , 1 , 16/07/2009 00:00:00 , R, 	(21-FEB-2025 15:01:17)	 (Not Inserted)
2 ,2 , MGL , C , 2 , 16/07/2009 00:00:00 , B, 	(21-FEB-2025 15:01:17)	 (Not Inserted)
2 ,2 , MGL , C , 5 , 16/07/2009 00:00:00 , B, 	(21-FEB-2025 15:01:17)	 (Not Inserted)
2 ,2 , MGL , C , 7 , 01/08/2022 00:00:00 , B, 	(21-FEB-2025 15:01:17)	 (Not Inserted)
2 ,2 , MGL , C , 6 , 17/08/2011 00:00:00 , B, 	(21-FEB-2025 15:01:17)	 (Not Inserted)
2 ,2 , MGL , C , 4 , 16/07/2009 00:00:00 , C, 	(21-FEB-2025 15:01:17)	 (Not Inserted)
2 ,2 , MGL , C , 3 , 16/07/2009 00:00:00 , B, 	(21-FEB-2025 15:01:17)	 (Not Inserted)
2 ,2 , MGL , C , 3 , 09/05/2022 00:00:00 , B, 	(21-FEB-2025 15:01:17)	 (Not Inserted)
2 ,2 , MGL , C , 1 , 16/07/2009 00:00:00 , R, 	(21-FEB-2025 15:01:17)	 (Not Inserted)
2 ,2 , MGL , C , 2 , 16/07/2009 00:00:00 , B, 	(21-FEB-2025 15:01:17)	 (Not Inserted)
2 ,2 , MGL , C , 5 , 16/07/2009 00:00:00 , B, 	(21-FEB-2025 15:01:17)	 (Not Inserted)
2 ,2 , MGL , C , 7 , 01/08/2022 00:00:00 , B, 	(21-FEB-2025 15:01:17)	 (Not Inserted)
2 ,2 , MGL , C , 6 , 17/08/2011 00:00:00 , B, 	(21-FEB-2025 15:01:17)	 (Not Inserted)
2 ,3 , GSPCL , C , 2 , 21/04/2006 00:00:00 , P1, 	(21-FEB-2025 15:01:17)	 (Not Inserted)
2 ,3 , GSPCL , C , 16 , 01/04/2009 00:00:00 , P2, 	(21-FEB-2025 15:01:17)	 (Not Inserted)
2 ,3 , GSPCL , C , 16 , 01/04/2009 00:00:00 , 3, 	(21-FEB-2025 15:01:17)	 (Not Inserted)
2 ,3 , GSPCL , C , 17 , 01/04/2009 00:00:00 , B, 	(21-FEB-2025 15:01:17)	 (Not Inserted)
2 ,3 , GSPCL , C , 19 , 01/04/2009 00:00:00 , P2, 	(21-FEB-2025 15:01:17)	 (Not Inserted)
2 ,3 , GSPCL , C , 19 , 01/04/2009 00:00:00 , R, 	(21-FEB-2025 15:01:17)	 (Not Inserted)
2 ,3 , GSPCL , C , 4 , 21/04/2006 00:00:00 , C, 	(21-FEB-2025 15:01:17)	 (Not Inserted)
2 ,3 , GSPCL , C , 2 , 24/03/2005 00:00:00 , B, 	(21-FEB-2025 15:01:17)	 (Not Inserted)
2 ,3 , GSPCL , C , 3 , 24/03/2005 00:00:00 , B, 	(21-FEB-2025 15:01:17)	 (Not Inserted)
2 ,3 , GSPCL , C , 3 , 21/04/2006 00:00:00 , B, 	(21-FEB-2025 15:01:17)	 (Not Inserted)
2 ,3 , GSPCL , C , 6 , 21/04/2006 00:00:00 , B, 	(21-FEB-2025 15:01:17)	 (Not Inserted)
2 ,3 , GSPCL , C , 1 , 24/03/2005 00:00:00 , B, 	(21-FEB-2025 15:01:17)	 (Not Inserted)
2 ,3 , GSPCL , C , 1 , 21/04/2006 00:00:00 , B, 	(21-FEB-2025 15:01:17)	 (Not Inserted)
2 ,3 , GSPCL , C , 7 , 21/04/2006 00:00:00 , C, 	(21-FEB-2025 15:01:17)	 (Not Inserted)
2 ,3 , GSPCL , C , 12 , 21/04/2010 00:00:00 , C, 	(21-FEB-2025 15:01:17)	 (Not Inserted)
2 ,3 , GSPCL , C , 12 , 24/03/2005 00:00:00 , 0, 	(21-FEB-2025 15:01:17)	 (Not Inserted)
2 ,3 , GSPCL , C , 15 , 21/04/2006 00:00:00 , 0, 	(21-FEB-2025 15:01:17)	 (Not Inserted)
2 ,3 , GSPCL , C , 15 , 21/04/2010 00:00:00 , C, 	(21-FEB-2025 15:01:17)	 (Not Inserted)
2 ,3 , GSPCL , C , 10 , 21/04/2010 00:00:00 , C, 	(21-FEB-2025 15:01:17)	 (Not Inserted)
2 ,3 , GSPCL , C , 10 , 21/04/2006 00:00:00 , 0, 	(21-FEB-2025 15:01:17)	 (Not Inserted)
2 ,3 , GSPCL , C , 8 , 21/04/2010 00:00:00 , C, 	(21-FEB-2025 15:01:17)	 (Not Inserted)
2 ,3 , GSPCL , C , 8 , 24/03/2005 00:00:00 , 0, 	(21-FEB-2025 15:01:17)	 (Not Inserted)
2 ,3 , GSPCL , C , 8 , 21/04/2006 00:00:00 , 0, 	(21-FEB-2025 15:01:17)	 (Not Inserted)
2 ,3 , GSPCL , C , 11 , 21/04/2006 00:00:00 , 0, 	(21-FEB-2025 15:01:17)	 (Not Inserted)
2 ,3 , GSPCL , C , 11 , 21/04/2010 00:00:00 , C, 	(21-FEB-2025 15:01:17)	 (Not Inserted)
2 ,3 , GSPCL , C , 11 , 24/03/2005 00:00:00 , 0, 	(21-FEB-2025 15:01:17)	 (Not Inserted)
2 ,3 , GSPCL , C , 13 , 21/04/2010 00:00:00 , C, 	(21-FEB-2025 15:01:17)	 (Not Inserted)
2 ,3 , GSPCL , C , 13 , 21/04/2006 00:00:00 , 0, 	(21-FEB-2025 15:01:17)	 (Not Inserted)
2 ,3 , GSPCL , C , 13 , 24/03/2005 00:00:00 , 0, 	(21-FEB-2025 15:01:17)	 (Not Inserted)
2 ,3 , GSPCL , C , 14 , 21/04/2006 00:00:00 , 0, 	(21-FEB-2025 15:01:17)	 (Not Inserted)
2 ,3 , GSPCL , C , 14 , 21/04/2010 00:00:00 , C, 	(21-FEB-2025 15:01:17)	 (Not Inserted)
2 ,3 , GSPCL , C , 9 , 21/04/2010 00:00:00 , C, 	(21-FEB-2025 15:01:17)	 (Not Inserted)
2 ,3 , GSPCL , C , 9 , 21/04/2006 00:00:00 , 0, 	(21-FEB-2025 15:01:17)	 (Not Inserted)
2 ,3 , GSPCL , C , 5 , 21/04/2006 00:00:00 , B, 	(21-FEB-2025 15:01:17)	 (Not Inserted)
2 ,3 , GSPCL , C , 2 , 21/04/2006 00:00:00 , P1, 	(21-FEB-2025 15:01:17)	 (Not Inserted)
2 ,3 , GSPCL , C , 16 , 01/04/2009 00:00:00 , P2, 	(21-FEB-2025 15:01:17)	 (Not Inserted)
2 ,3 , GSPCL , C , 16 , 01/04/2009 00:00:00 , 3, 	(21-FEB-2025 15:01:17)	 (Not Inserted)
2 ,3 , GSPCL , C , 17 , 01/04/2009 00:00:00 , B, 	(21-FEB-2025 15:01:17)	 (Not Inserted)
2 ,3 , GSPCL , C , 19 , 01/04/2009 00:00:00 , P2, 	(21-FEB-2025 15:01:17)	 (Not Inserted)
2 ,3 , GSPCL , C , 19 , 01/04/2009 00:00:00 , R, 	(21-FEB-2025 15:01:17)	 (Not Inserted)
2 ,3 , GSPCL , C , 4 , 21/04/2006 00:00:00 , C, 	(21-FEB-2025 15:01:17)	 (Not Inserted)
2 ,3 , GSPCL , C , 2 , 24/03/2005 00:00:00 , B, 	(21-FEB-2025 15:01:17)	 (Not Inserted)
2 ,3 , GSPCL , C , 3 , 24/03/2005 00:00:00 , B, 	(21-FEB-2025 15:01:17)	 (Not Inserted)
2 ,3 , GSPCL , C , 3 , 21/04/2006 00:00:00 , B, 	(21-FEB-2025 15:01:17)	 (Not Inserted)
2 ,3 , GSPCL , C , 6 , 21/04/2006 00:00:00 , B, 	(21-FEB-2025 15:01:17)	 (Not Inserted)
2 ,3 , GSPCL , C , 1 , 24/03/2005 00:00:00 , B, 	(21-FEB-2025 15:01:17)	 (Not Inserted)
2 ,3 , GSPCL , C , 1 , 21/04/2006 00:00:00 , B, 	(21-FEB-2025 15:01:17)	 (Not Inserted)
2 ,3 , GSPCL , C , 7 , 21/04/2006 00:00:00 , C, 	(21-FEB-2025 15:01:17)	 (Not Inserted)
2 ,3 , GSPCL , C , 12 , 21/04/2010 00:00:00 , C, 	(21-FEB-2025 15:01:17)	 (Not Inserted)
2 ,3 , GSPCL , C , 12 , 24/03/2005 00:00:00 , 0, 	(21-FEB-2025 15:01:17)	 (Not Inserted)
2 ,3 , GSPCL , C , 15 , 21/04/2006 00:00:00 , 0, 	(21-FEB-2025 15:01:17)	 (Not Inserted)
2 ,3 , GSPCL , C , 15 , 21/04/2010 00:00:00 , C, 	(21-FEB-2025 15:01:17)	 (Not Inserted)
2 ,3 , GSPCL , C , 10 , 21/04/2010 00:00:00 , C, 	(21-FEB-2025 15:01:17)	 (Not Inserted)
2 ,3 , GSPCL , C , 10 , 21/04/2006 00:00:00 , 0, 	(21-FEB-2025 15:01:17)	 (Not Inserted)
2 ,3 , GSPCL , C , 8 , 21/04/2010 00:00:00 , C, 	(21-FEB-2025 15:01:17)	 (Not Inserted)
2 ,3 , GSPCL , C , 8 , 24/03/2005 00:00:00 , 0, 	(21-FEB-2025 15:01:17)	 (Not Inserted)
2 ,3 , GSPCL , C , 8 , 21/04/2006 00:00:00 , 0, 	(21-FEB-2025 15:01:17)	 (Not Inserted)
2 ,3 , GSPCL , C , 11 , 21/04/2006 00:00:00 , 0, 	(21-FEB-2025 15:01:17)	 (Not Inserted)
2 ,3 , GSPCL , C , 11 , 21/04/2010 00:00:00 , C, 	(21-FEB-2025 15:01:17)	 (Not Inserted)
2 ,3 , GSPCL , C , 11 , 24/03/2005 00:00:00 , 0, 	(21-FEB-2025 15:01:17)	 (Not Inserted)
2 ,3 , GSPCL , C , 13 , 21/04/2010 00:00:00 , C, 	(21-FEB-2025 15:01:17)	 (Not Inserted)
2 ,3 , GSPCL , C , 13 , 21/04/2006 00:00:00 , 0, 	(21-FEB-2025 15:01:17)	 (Not Inserted)
2 ,3 , GSPCL , C , 13 , 24/03/2005 00:00:00 , 0, 	(21-FEB-2025 15:01:17)	 (Not Inserted)
2 ,3 , GSPCL , C , 14 , 21/04/2006 00:00:00 , 0, 	(21-FEB-2025 15:01:17)	 (Not Inserted)
2 ,3 , GSPCL , C , 14 , 21/04/2010 00:00:00 , C, 	(21-FEB-2025 15:01:17)	 (Not Inserted)
2 ,3 , GSPCL , C , 9 , 21/04/2010 00:00:00 , C, 	(21-FEB-2025 15:01:17)	 (Not Inserted)
2 ,3 , GSPCL , C , 9 , 21/04/2006 00:00:00 , 0, 	(21-FEB-2025 15:01:17)	 (Not Inserted)
2 ,3 , GSPCL , C , 5 , 21/04/2006 00:00:00 , B, 	(21-FEB-2025 15:01:17)	 (Not Inserted)
2 ,4 , Gail , C , 2 , 08/03/2007 00:00:00 , B, 	(21-FEB-2025 15:01:17)	 (Not Inserted)
2 ,4 , Gail , C , 2 , 08/03/2007 00:00:00 , B, 	(21-FEB-2025 15:01:17)	 (Not Inserted)
2 ,4 , Gail , C , 44 , 01/05/2024 00:00:00 , P6, 	(21-FEB-2025 15:01:17)	 (Not Inserted)
2 ,4 , Gail , C , 47 , 01/08/2024 00:00:00 , B, 	(21-FEB-2025 15:01:17)	 (Not Inserted)
2 ,4 , Gail , C , 1 , 01/06/2023 00:00:00 , P4, 	(21-FEB-2025 15:01:17)	 (Not Inserted)
2 ,4 , Gail , C , 2 , 01/06/2023 00:00:00 , P4, 	(21-FEB-2025 15:01:17)	 (Not Inserted)
2 ,4 , Gail , C , 2 , 01/06/2024 00:00:00 , P8, 	(21-FEB-2025 15:01:17)	 (Not Inserted)
2 ,4 , Gail , C , 2 , 01/11/2022 00:00:00 , 3, 	(21-FEB-2025 15:01:17)	 (Not Inserted)
2 ,4 , Gail , C , 2 , 01/05/2024 00:00:00 , P7, 	(21-FEB-2025 15:01:17)	 (Not Inserted)
2 ,4 , Gail , C , 2 , 01/05/2024 00:00:00 , P7, 	(21-FEB-2025 15:01:17)	 (Not Inserted)
2 ,4 , Gail , C , 33 , 08/03/2007 00:00:00 , P1, 	(21-FEB-2025 15:01:17)	 (Not Inserted)
2 ,4 , Gail , C , 33 , 01/01/2021 00:00:00 , P1, 	(21-FEB-2025 15:01:17)	 (Not Inserted)
2 ,4 , Gail , C , 26 , 08/03/2007 00:00:00 , B, 	(21-FEB-2025 15:01:17)	 (Not Inserted)
2 ,4 , Gail , C , 26 , 08/03/2007 00:00:00 , B, 	(21-FEB-2025 15:01:17)	 (Not Inserted)
2 ,4 , Gail , C , 26 , 08/03/2007 00:00:00 , B, 	(21-FEB-2025 15:01:17)	 (Not Inserted)
2 ,4 , Gail , C , 26 , 08/03/2007 00:00:00 , B, 	(21-FEB-2025 15:01:17)	 (Not Inserted)
2 ,4 , Gail , C , 26 , 08/03/2007 00:00:00 , B, 	(21-FEB-2025 15:01:17)	 (Not Inserted)
2 ,4 , Gail , C , 26 , 08/03/2007 00:00:00 , B, 	(21-FEB-2025 15:01:17)	 (Not Inserted)
2 ,4 , Gail , C , 21 , 08/03/2007 00:00:00 , B, 	(21-FEB-2025 15:01:17)	 (Not Inserted)
2 ,4 , Gail , C , 21 , 08/03/2007 00:00:00 , B, 	(21-FEB-2025 15:01:17)	 (Not Inserted)
2 ,4 , Gail , C , 21 , 08/03/2007 00:00:00 , B, 	(21-FEB-2025 15:01:17)	 (Not Inserted)
2 ,4 , Gail , C , 24 , 08/03/2007 00:00:00 , B, 	(21-FEB-2025 15:01:17)	 (Not Inserted)
2 ,4 , Gail , C , 45 , 01/05/2024 00:00:00 , P6, 	(21-FEB-2025 15:01:17)	 (Not Inserted)
2 ,4 , Gail , C , 45 , 01/05/2024 00:00:00 , P6, 	(21-FEB-2025 15:01:17)	 (Not Inserted)
2 ,4 , Gail , C , 40 , 01/07/2022 00:00:00 , P2, 	(21-FEB-2025 15:01:17)	 (Not Inserted)
2 ,4 , Gail , C , 5 , 28/05/2024 00:00:00 , P8, 	(21-FEB-2025 15:01:17)	 (Not Inserted)
2 ,4 , Gail , C , 48 , 01/08/2024 00:00:00 , B, 	(21-FEB-2025 15:01:17)	 (Not Inserted)
2 ,4 , Gail , C , 25 , 08/03/2007 00:00:00 , B, 	(21-FEB-2025 15:01:17)	 (Not Inserted)
2 ,4 , Gail , C , 3 , 08/03/2007 00:00:00 , R, 	(21-FEB-2025 15:01:17)	 (Not Inserted)
2 ,4 , Gail , C , 1 , 08/03/2007 00:00:00 , B, 	(21-FEB-2025 15:01:17)	 (Not Inserted)
2 ,4 , Gail , C , 4 , 08/03/2007 00:00:00 , R, 	(21-FEB-2025 15:01:17)	 (Not Inserted)
2 ,4 , Gail , C , 12 , 08/03/2007 00:00:00 , R, 	(21-FEB-2025 15:01:17)	 (Not Inserted)
2 ,4 , Gail , C , 17 , 23/08/2016 00:00:00 , C, 	(21-FEB-2025 15:01:17)	 (Not Inserted)
2 ,4 , Gail , C , 8 , 08/03/2007 00:00:00 , B, 	(21-FEB-2025 15:01:17)	 (Not Inserted)
2 ,4 , Gail , C , 15 , 08/03/2007 00:00:00 , R, 	(21-FEB-2025 15:01:17)	 (Not Inserted)
2 ,4 , Gail , C , 5 , 08/03/2007 00:00:00 , R, 	(21-FEB-2025 15:01:17)	 (Not Inserted)
2 ,4 , Gail , C , 11 , 08/03/2007 00:00:00 , R, 	(21-FEB-2025 15:01:17)	 (Not Inserted)
2 ,4 , Gail , C , 16 , 08/03/2007 00:00:00 , R, 	(21-FEB-2025 15:01:17)	 (Not Inserted)
2 ,4 , Gail , C , 10 , 08/03/2007 00:00:00 , R, 	(21-FEB-2025 15:01:17)	 (Not Inserted)
2 ,4 , Gail , C , 14 , 08/03/2007 00:00:00 , C, 	(21-FEB-2025 15:01:17)	 (Not Inserted)
2 ,4 , Gail , C , 6 , 08/03/2007 00:00:00 , B, 	(21-FEB-2025 15:01:17)	 (Not Inserted)
2 ,4 , Gail , C , 7 , 08/03/2007 00:00:00 , 0, 	(21-FEB-2025 15:01:17)	 (Not Inserted)
2 ,4 , Gail , C , 7 , 08/03/2010 00:00:00 , B, 	(21-FEB-2025 15:01:17)	 (Not Inserted)
2 ,4 , Gail , C , 13 , 08/03/2007 00:00:00 , R, 	(21-FEB-2025 15:01:17)	 (Not Inserted)
2 ,4 , Gail , C , 9 , 08/03/2007 00:00:00 , R, 	(21-FEB-2025 15:01:17)	 (Not Inserted)
2 ,4 , Gail , C , 4 , 01/06/2023 00:00:00 , R, 	(21-FEB-2025 15:01:17)	 (Not Inserted)
2 ,4 , Gail , C , 4 , 08/03/2007 00:00:00 , B, 	(21-FEB-2025 15:01:17)	 (Not Inserted)
2 ,4 , Gail , C , 4 , 01/07/2022 00:00:00 , P2, 	(21-FEB-2025 15:01:17)	 (Not Inserted)
2 ,4 , Gail , C , 19 , 08/03/2007 00:00:00 , B, 	(21-FEB-2025 15:01:17)	 (Not Inserted)
2 ,4 , Gail , C , 19 , 01/07/2022 00:00:00 , P2, 	(21-FEB-2025 15:01:17)	 (Not Inserted)
2 ,4 , Gail , C , 49 , 01/08/2024 00:00:00 , B, 	(21-FEB-2025 15:01:17)	 (Not Inserted)
2 ,4 , Gail , C , 3 , 01/06/2023 00:00:00 , P4, 	(21-FEB-2025 15:01:17)	 (Not Inserted)
2 ,4 , Gail , C , 34 , 01/07/2022 00:00:00 , B, 	(21-FEB-2025 15:01:17)	 (Not Inserted)
2 ,4 , Gail , C , 34 , 01/07/2022 00:00:00 , P2, 	(21-FEB-2025 15:01:17)	 (Not Inserted)
2 ,4 , Gail , C , 35 , 01/07/2022 00:00:00 , B, 	(21-FEB-2025 15:01:17)	 (Not Inserted)
2 ,4 , Gail , C , 35 , 01/07/2022 00:00:00 , P2, 	(21-FEB-2025 15:01:17)	 (Not Inserted)
2 ,4 , Gail , C , 20 , 08/03/2007 00:00:00 , C, 	(21-FEB-2025 15:01:17)	 (Not Inserted)
2 ,4 , Gail , C , 28 , 01/06/2023 00:00:00 , P4, 	(21-FEB-2025 15:01:17)	 (Not Inserted)
2 ,4 , Gail , C , 6 , 28/05/2024 00:00:00 , P8, 	(21-FEB-2025 15:01:17)	 (Not Inserted)
2 ,4 , Gail , C , 2 , 08/03/2007 00:00:00 , B, 	(21-FEB-2025 15:01:17)	 (Not Inserted)
2 ,4 , Gail , C , 2 , 08/03/2007 00:00:00 , B, 	(21-FEB-2025 15:01:17)	 (Not Inserted)
2 ,4 , Gail , C , 44 , 01/05/2024 00:00:00 , P6, 	(21-FEB-2025 15:01:17)	 (Not Inserted)
2 ,4 , Gail , C , 47 , 01/08/2024 00:00:00 , B, 	(21-FEB-2025 15:01:17)	 (Not Inserted)
2 ,4 , Gail , C , 1 , 01/06/2023 00:00:00 , P4, 	(21-FEB-2025 15:01:17)	 (Not Inserted)
2 ,4 , Gail , C , 2 , 01/06/2023 00:00:00 , P4, 	(21-FEB-2025 15:01:17)	 (Not Inserted)
2 ,4 , Gail , C , 2 , 01/06/2024 00:00:00 , P8, 	(21-FEB-2025 15:01:17)	 (Not Inserted)
2 ,4 , Gail , C , 2 , 01/11/2022 00:00:00 , 3, 	(21-FEB-2025 15:01:17)	 (Not Inserted)
2 ,4 , Gail , C , 2 , 01/05/2024 00:00:00 , P7, 	(21-FEB-2025 15:01:17)	 (Not Inserted)
2 ,4 , Gail , C , 2 , 01/05/2024 00:00:00 , P7, 	(21-FEB-2025 15:01:17)	 (Not Inserted)
2 ,4 , Gail , C , 33 , 08/03/2007 00:00:00 , P1, 	(21-FEB-2025 15:01:17)	 (Not Inserted)
2 ,4 , Gail , C , 33 , 01/01/2021 00:00:00 , P1, 	(21-FEB-2025 15:01:17)	 (Not Inserted)
2 ,4 , Gail , C , 26 , 08/03/2007 00:00:00 , B, 	(21-FEB-2025 15:01:17)	 (Not Inserted)
2 ,4 , Gail , C , 26 , 08/03/2007 00:00:00 , B, 	(21-FEB-2025 15:01:17)	 (Not Inserted)
2 ,4 , Gail , C , 26 , 08/03/2007 00:00:00 , B, 	(21-FEB-2025 15:01:17)	 (Not Inserted)
2 ,4 , Gail , C , 26 , 08/03/2007 00:00:00 , B, 	(21-FEB-2025 15:01:17)	 (Not Inserted)
2 ,4 , Gail , C , 26 , 08/03/2007 00:00:00 , B, 	(21-FEB-2025 15:01:17)	 (Not Inserted)
2 ,4 , Gail , C , 26 , 08/03/2007 00:00:00 , B, 	(21-FEB-2025 15:01:17)	 (Not Inserted)
2 ,4 , Gail , C , 21 , 08/03/2007 00:00:00 , B, 	(21-FEB-2025 15:01:17)	 (Not Inserted)
2 ,4 , Gail , C , 21 , 08/03/2007 00:00:00 , B, 	(21-FEB-2025 15:01:17)	 (Not Inserted)
2 ,4 , Gail , C , 21 , 08/03/2007 00:00:00 , B, 	(21-FEB-2025 15:01:17)	 (Not Inserted)
2 ,4 , Gail , C , 24 , 08/03/2007 00:00:00 , B, 	(21-FEB-2025 15:01:17)	 (Not Inserted)
2 ,4 , Gail , C , 45 , 01/05/2024 00:00:00 , P6, 	(21-FEB-2025 15:01:17)	 (Not Inserted)
2 ,4 , Gail , C , 45 , 01/05/2024 00:00:00 , P6, 	(21-FEB-2025 15:01:17)	 (Not Inserted)
2 ,4 , Gail , C , 40 , 01/07/2022 00:00:00 , P2, 	(21-FEB-2025 15:01:17)	 (Not Inserted)
2 ,4 , Gail , C , 5 , 28/05/2024 00:00:00 , P8, 	(21-FEB-2025 15:01:17)	 (Not Inserted)
2 ,4 , Gail , C , 48 , 01/08/2024 00:00:00 , B, 	(21-FEB-2025 15:01:17)	 (Not Inserted)
2 ,4 , Gail , C , 25 , 08/03/2007 00:00:00 , B, 	(21-FEB-2025 15:01:17)	 (Not Inserted)
2 ,4 , Gail , C , 3 , 08/03/2007 00:00:00 , R, 	(21-FEB-2025 15:01:17)	 (Not Inserted)
2 ,4 , Gail , C , 1 , 08/03/2007 00:00:00 , B, 	(21-FEB-2025 15:01:17)	 (Not Inserted)
2 ,4 , Gail , C , 4 , 08/03/2007 00:00:00 , R, 	(21-FEB-2025 15:01:17)	 (Not Inserted)
2 ,4 , Gail , C , 12 , 08/03/2007 00:00:00 , R, 	(21-FEB-2025 15:01:17)	 (Not Inserted)
2 ,4 , Gail , C , 17 , 23/08/2016 00:00:00 , C, 	(21-FEB-2025 15:01:17)	 (Not Inserted)
2 ,4 , Gail , C , 8 , 08/03/2007 00:00:00 , B, 	(21-FEB-2025 15:01:17)	 (Not Inserted)
2 ,4 , Gail , C , 15 , 08/03/2007 00:00:00 , R, 	(21-FEB-2025 15:01:17)	 (Not Inserted)
2 ,4 , Gail , C , 5 , 08/03/2007 00:00:00 , R, 	(21-FEB-2025 15:01:17)	 (Not Inserted)
2 ,4 , Gail , C , 11 , 08/03/2007 00:00:00 , R, 	(21-FEB-2025 15:01:17)	 (Not Inserted)
2 ,4 , Gail , C , 16 , 08/03/2007 00:00:00 , R, 	(21-FEB-2025 15:01:17)	 (Not Inserted)
2 ,4 , Gail , C , 10 , 08/03/2007 00:00:00 , R, 	(21-FEB-2025 15:01:17)	 (Not Inserted)
2 ,4 , Gail , C , 14 , 08/03/2007 00:00:00 , C, 	(21-FEB-2025 15:01:17)	 (Not Inserted)
2 ,4 , Gail , C , 6 , 08/03/2007 00:00:00 , B, 	(21-FEB-2025 15:01:17)	 (Not Inserted)
2 ,4 , Gail , C , 7 , 08/03/2007 00:00:00 , 0, 	(21-FEB-2025 15:01:17)	 (Not Inserted)
2 ,4 , Gail , C , 7 , 08/03/2010 00:00:00 , B, 	(21-FEB-2025 15:01:17)	 (Not Inserted)
2 ,4 , Gail , C , 13 , 08/03/2007 00:00:00 , R, 	(21-FEB-2025 15:01:17)	 (Not Inserted)
2 ,4 , Gail , C , 9 , 08/03/2007 00:00:00 , R, 	(21-FEB-2025 15:01:17)	 (Not Inserted)
2 ,4 , Gail , C , 4 , 01/06/2023 00:00:00 , R, 	(21-FEB-2025 15:01:17)	 (Not Inserted)
2 ,4 , Gail , C , 4 , 08/03/2007 00:00:00 , B, 	(21-FEB-2025 15:01:17)	 (Not Inserted)
2 ,4 , Gail , C , 4 , 01/07/2022 00:00:00 , P2, 	(21-FEB-2025 15:01:17)	 (Not Inserted)
2 ,4 , Gail , C , 19 , 08/03/2007 00:00:00 , B, 	(21-FEB-2025 15:01:17)	 (Not Inserted)
2 ,4 , Gail , C , 19 , 01/07/2022 00:00:00 , P2, 	(21-FEB-2025 15:01:17)	 (Not Inserted)
2 ,4 , Gail , C , 49 , 01/08/2024 00:00:00 , B, 	(21-FEB-2025 15:01:17)	 (Not Inserted)
2 ,4 , Gail , C , 3 , 01/06/2023 00:00:00 , P4, 	(21-FEB-2025 15:01:17)	 (Not Inserted)
2 ,4 , Gail , C , 34 , 01/07/2022 00:00:00 , B, 	(21-FEB-2025 15:01:17)	 (Not Inserted)
2 ,4 , Gail , C , 34 , 01/07/2022 00:00:00 , P2, 	(21-FEB-2025 15:01:17)	 (Not Inserted)
2 ,4 , Gail , C , 35 , 01/07/2022 00:00:00 , B, 	(21-FEB-2025 15:01:17)	 (Not Inserted)
2 ,4 , Gail , C , 35 , 01/07/2022 00:00:00 , P2, 	(21-FEB-2025 15:01:17)	 (Not Inserted)
2 ,4 , Gail , C , 20 , 08/03/2007 00:00:00 , C, 	(21-FEB-2025 15:01:17)	 (Not Inserted)
2 ,4 , Gail , C , 28 , 01/06/2023 00:00:00 , P4, 	(21-FEB-2025 15:01:17)	 (Not Inserted)
2 ,4 , Gail , C , 6 , 28/05/2024 00:00:00 , P8, 	(21-FEB-2025 15:01:17)	 (Not Inserted)
2 ,4 , Gail , R , 10 , 01/09/2023 00:00:00 , C, 	(21-FEB-2025 15:01:17)	 (Not Inserted)
2 ,4 , Gail , R , 7 , 21/09/2023 00:00:00 , R, 	(21-FEB-2025 15:01:17)	 (Not Inserted)
2 ,4 , Gail , R , 7 , 01/09/2023 00:00:00 , R, 	(21-FEB-2025 15:01:17)	 (Not Inserted)
2 ,4 , Gail , R , 3 , 21/09/2023 00:00:00 , P1, 	(21-FEB-2025 15:01:17)	 (Not Inserted)
2 ,4 , Gail , R , 3 , 01/09/2023 00:00:00 , P1, 	(21-FEB-2025 15:01:17)	 (Not Inserted)
2 ,4 , Gail , R , 11 , 01/09/2023 00:00:00 , C, 	(21-FEB-2025 15:01:17)	 (Not Inserted)
2 ,4 , Gail , R , 13 , 01/10/2024 00:00:00 , C, 	(21-FEB-2025 15:01:17)	 (Not Inserted)
2 ,4 , Gail , R , 1 , 01/09/2023 00:00:00 , R, 	(21-FEB-2025 15:01:17)	 (Not Inserted)
2 ,4 , Gail , R , 12 , 01/08/2024 00:00:00 , C, 	(21-FEB-2025 15:01:17)	 (Not Inserted)
2 ,4 , Gail , R , 5 , 21/09/2023 00:00:00 , R, 	(21-FEB-2025 15:01:17)	 (Not Inserted)
2 ,4 , Gail , R , 5 , 01/09/2023 00:00:00 , R, 	(21-FEB-2025 15:01:17)	 (Not Inserted)
2 ,4 , Gail , R , 4 , 01/09/2023 00:00:00 , P3, 	(21-FEB-2025 15:01:17)	 (Not Inserted)
2 ,4 , Gail , R , 4 , 21/09/2023 00:00:00 , P3, 	(21-FEB-2025 15:01:17)	 (Not Inserted)
2 ,4 , Gail , R , 6 , 21/09/2023 00:00:00 , R, 	(21-FEB-2025 15:01:17)	 (Not Inserted)
2 ,4 , Gail , R , 6 , 01/09/2023 00:00:00 , R, 	(21-FEB-2025 15:01:17)	 (Not Inserted)
2 ,4 , Gail , R , 2 , 01/09/2023 00:00:00 , P4, 	(21-FEB-2025 15:01:17)	 (Not Inserted)
2 ,4 , Gail , R , 8 , 01/09/2023 00:00:00 , C, 	(21-FEB-2025 15:01:17)	 (Not Inserted)
2 ,4 , Gail , R , 9 , 01/09/2023 00:00:00 , C, 	(21-FEB-2025 15:01:17)	 (Not Inserted)
2 ,4 , Gail , R , 10 , 01/09/2023 00:00:00 , C, 	(21-FEB-2025 15:01:17)	 (Not Inserted)
2 ,4 , Gail , R , 7 , 21/09/2023 00:00:00 , R, 	(21-FEB-2025 15:01:17)	 (Not Inserted)
2 ,4 , Gail , R , 7 , 01/09/2023 00:00:00 , R, 	(21-FEB-2025 15:01:17)	 (Not Inserted)
2 ,4 , Gail , R , 3 , 21/09/2023 00:00:00 , P1, 	(21-FEB-2025 15:01:17)	 (Not Inserted)
2 ,4 , Gail , R , 3 , 01/09/2023 00:00:00 , P1, 	(21-FEB-2025 15:01:17)	 (Not Inserted)
2 ,4 , Gail , R , 11 , 01/09/2023 00:00:00 , C, 	(21-FEB-2025 15:01:17)	 (Not Inserted)
2 ,4 , Gail , R , 13 , 01/10/2024 00:00:00 , C, 	(21-FEB-2025 15:01:17)	 (Not Inserted)
2 ,4 , Gail , R , 1 , 01/09/2023 00:00:00 , R, 	(21-FEB-2025 15:01:17)	 (Not Inserted)
2 ,4 , Gail , R , 12 , 01/08/2024 00:00:00 , C, 	(21-FEB-2025 15:01:17)	 (Not Inserted)
2 ,4 , Gail , R , 5 , 21/09/2023 00:00:00 , R, 	(21-FEB-2025 15:01:17)	 (Not Inserted)
2 ,4 , Gail , R , 5 , 01/09/2023 00:00:00 , R, 	(21-FEB-2025 15:01:17)	 (Not Inserted)
2 ,4 , Gail , R , 4 , 01/09/2023 00:00:00 , P3, 	(21-FEB-2025 15:01:17)	 (Not Inserted)
2 ,4 , Gail , R , 4 , 21/09/2023 00:00:00 , P3, 	(21-FEB-2025 15:01:17)	 (Not Inserted)
2 ,4 , Gail , R , 6 , 21/09/2023 00:00:00 , R, 	(21-FEB-2025 15:01:17)	 (Not Inserted)
2 ,4 , Gail , R , 6 , 01/09/2023 00:00:00 , R, 	(21-FEB-2025 15:01:17)	 (Not Inserted)
2 ,4 , Gail , R , 2 , 01/09/2023 00:00:00 , P4, 	(21-FEB-2025 15:01:17)	 (Not Inserted)
2 ,4 , Gail , R , 8 , 01/09/2023 00:00:00 , C, 	(21-FEB-2025 15:01:17)	 (Not Inserted)
2 ,4 , Gail , R , 9 , 01/09/2023 00:00:00 , C, 	(21-FEB-2025 15:01:17)	 (Not Inserted)
2 , , BPL , C , 1 , 09/04/2010 00:00:00 , 0, 	(21-FEB-2025 15:01:17)	 (Not Inserted)
2 , , BPL , C , 2 , 09/04/2010 00:00:00 , B, 	(21-FEB-2025 15:01:17)	 (Not Inserted)
2 , , BPL , C , 3 , 09/04/2010 00:00:00 , C, 	(21-FEB-2025 15:01:17)	 (Not Inserted)
2 , , BPL , C , 1 , 09/04/2010 00:00:00 , 0, 	(21-FEB-2025 15:01:17)	 (Not Inserted)
2 , , BPL , C , 2 , 09/04/2010 00:00:00 , B, 	(21-FEB-2025 15:01:17)	 (Not Inserted)
2 , , BPL , C , 3 , 09/04/2010 00:00:00 , C, 	(21-FEB-2025 15:01:17)	 (Not Inserted)
2 ,217 , ESL , C , 3 , 26/08/2006 00:00:00 , 0, 	(21-FEB-2025 15:01:17)	 (Not Inserted)
2 ,217 , ESL , C , 2 , 26/08/2006 00:00:00 , 0, 	(21-FEB-2025 15:01:17)	 (Not Inserted)
2 ,217 , ESL , C , 6 , 26/08/2006 00:00:00 , 0, 	(21-FEB-2025 15:01:17)	 (Not Inserted)
2 ,217 , ESL , C , 1 , 26/08/2006 00:00:00 , 0, 	(21-FEB-2025 15:01:17)	 (Not Inserted)
2 ,217 , ESL , C , 4 , 26/08/2006 00:00:00 , 0, 	(21-FEB-2025 15:01:17)	 (Not Inserted)
2 ,217 , ESL , C , 7 , 26/08/2006 00:00:00 , 0, 	(21-FEB-2025 15:01:17)	 (Not Inserted)
2 ,217 , ESL , C , 8 , 26/08/2006 00:00:00 , 0, 	(21-FEB-2025 15:01:17)	 (Not Inserted)
2 ,217 , ESL , C , 5 , 26/08/2006 00:00:00 , 0, 	(21-FEB-2025 15:01:17)	 (Not Inserted)
2 ,217 , ESL , C , 3 , 26/08/2006 00:00:00 , 0, 	(21-FEB-2025 15:01:17)	 (Not Inserted)
2 ,217 , ESL , C , 2 , 26/08/2006 00:00:00 , 0, 	(21-FEB-2025 15:01:17)	 (Not Inserted)
2 ,217 , ESL , C , 6 , 26/08/2006 00:00:00 , 0, 	(21-FEB-2025 15:01:17)	 (Not Inserted)
2 ,217 , ESL , C , 1 , 26/08/2006 00:00:00 , 0, 	(21-FEB-2025 15:01:17)	 (Not Inserted)
2 ,217 , ESL , C , 4 , 26/08/2006 00:00:00 , 0, 	(21-FEB-2025 15:01:17)	 (Not Inserted)
2 ,217 , ESL , C , 7 , 26/08/2006 00:00:00 , 0, 	(21-FEB-2025 15:01:17)	 (Not Inserted)
2 ,217 , ESL , C , 8 , 26/08/2006 00:00:00 , 0, 	(21-FEB-2025 15:01:17)	 (Not Inserted)
2 ,217 , ESL , C , 5 , 26/08/2006 00:00:00 , 0, 	(21-FEB-2025 15:01:17)	 (Not Inserted)
2 ,5 , NTPC , C , 20 , 01/02/2024 00:00:00 , 4, 	(21-FEB-2025 15:01:17)	 (Not Inserted)
2 ,5 , NTPC , C , 20 , 24/07/2023 00:00:00 , P4, 	(21-FEB-2025 15:01:17)	 (Not Inserted)
2 ,5 , NTPC , C , 6 , 30/01/2024 00:00:00 , 6, 	(21-FEB-2025 15:01:17)	 (Not Inserted)
2 ,5 , NTPC , C , 29 , 01/10/2022 00:00:00 , P6, 	(21-FEB-2025 15:01:17)	 (Not Inserted)
2 ,5 , NTPC , C , 29 , 01/02/2024 00:00:00 , 6, 	(21-FEB-2025 15:01:17)	 (Not Inserted)
2 ,5 , NTPC , C , 1 , 01/08/2023 00:00:00 , P3, 	(21-FEB-2025 15:01:17)	 (Not Inserted)
2 ,5 , NTPC , C , 1 , 01/02/2024 00:00:00 , 3, 	(21-FEB-2025 15:01:17)	 (Not Inserted)
2 ,5 , NTPC , C , 5 , 30/01/2024 00:00:00 , 6, 	(21-FEB-2025 15:01:17)	 (Not Inserted)
2 ,5 , NTPC , C , 5 , 01/02/2024 00:00:00 , 1, 	(21-FEB-2025 15:01:17)	 (Not Inserted)
2 ,5 , NTPC , C , 22 , 01/11/2023 00:00:00 , R, 	(21-FEB-2025 15:01:17)	 (Not Inserted)
2 ,5 , NTPC , C , 30 , 01/10/2022 00:00:00 , P5, 	(21-FEB-2025 15:01:17)	 (Not Inserted)
2 ,5 , NTPC , C , 15 , 18/11/2006 00:00:00 , R, 	(21-FEB-2025 15:01:17)	 (Not Inserted)
2 ,5 , NTPC , C , 14 , 18/11/2006 00:00:00 , R, 	(21-FEB-2025 15:01:17)	 (Not Inserted)
2 ,5 , NTPC , C , 3 , 18/11/2006 00:00:00 , 0, 	(21-FEB-2025 15:01:17)	 (Not Inserted)
2 ,5 , NTPC , C , 3 , 21/04/2010 00:00:00 , 0, 	(21-FEB-2025 15:01:17)	 (Not Inserted)
2 ,5 , NTPC , C , 3 , 21/05/2010 00:00:00 , R, 	(21-FEB-2025 15:01:17)	 (Not Inserted)
2 ,5 , NTPC , C , 13 , 18/11/2006 00:00:00 , R, 	(21-FEB-2025 15:01:17)	 (Not Inserted)
2 ,5 , NTPC , C , 6 , 18/11/2006 00:00:00 , R, 	(21-FEB-2025 15:01:17)	 (Not Inserted)
2 ,5 , NTPC , C , 16 , 18/11/2006 00:00:00 , R, 	(21-FEB-2025 15:01:17)	 (Not Inserted)
2 ,5 , NTPC , C , 9 , 18/11/2006 00:00:00 , R, 	(21-FEB-2025 15:01:17)	 (Not Inserted)
2 ,5 , NTPC , C , 12 , 18/11/2006 00:00:00 , R, 	(21-FEB-2025 15:01:17)	 (Not Inserted)
2 ,5 , NTPC , C , 2 , 18/11/2006 00:00:00 , 0, 	(21-FEB-2025 15:01:17)	 (Not Inserted)
2 ,5 , NTPC , C , 2 , 21/04/2010 00:00:00 , R, 	(21-FEB-2025 15:01:17)	 (Not Inserted)
2 ,5 , NTPC , C , 5 , 18/11/2006 00:00:00 , R, 	(21-FEB-2025 15:01:17)	 (Not Inserted)
2 ,5 , NTPC , C , 19 , 18/11/2006 00:00:00 , R, 	(21-FEB-2025 15:01:17)	 (Not Inserted)
2 ,5 , NTPC , C , 20 , 18/11/2006 00:00:00 , R, 	(21-FEB-2025 15:01:17)	 (Not Inserted)
2 ,5 , NTPC , C , 4 , 18/11/2006 00:00:00 , R, 	(21-FEB-2025 15:01:17)	 (Not Inserted)
2 ,5 , NTPC , C , 7 , 18/11/2006 00:00:00 , R, 	(21-FEB-2025 15:01:17)	 (Not Inserted)
2 ,5 , NTPC , C , 17 , 18/11/2006 00:00:00 , R, 	(21-FEB-2025 15:01:17)	 (Not Inserted)
2 ,5 , NTPC , C , 22 , 18/11/2006 00:00:00 , R, 	(21-FEB-2025 15:01:17)	 (Not Inserted)
2 ,5 , NTPC , C , 18 , 18/11/2006 00:00:00 , R, 	(21-FEB-2025 15:01:17)	 (Not Inserted)
2 ,5 , NTPC , C , 23 , 18/11/2006 00:00:00 , R, 	(21-FEB-2025 15:01:17)	 (Not Inserted)
2 ,5 , NTPC , C , 10 , 18/11/2006 00:00:00 , R, 	(21-FEB-2025 15:01:17)	 (Not Inserted)
2 ,5 , NTPC , C , 21 , 18/11/2006 00:00:00 , R, 	(21-FEB-2025 15:01:17)	 (Not Inserted)
2 ,5 , NTPC , C , 11 , 18/11/2006 00:00:00 , R, 	(21-FEB-2025 15:01:17)	 (Not Inserted)
2 ,5 , NTPC , C , 1 , 18/11/2006 00:00:00 , 0, 	(21-FEB-2025 15:01:17)	 (Not Inserted)
2 ,5 , NTPC , C , 1 , 21/04/2010 00:00:00 , R, 	(21-FEB-2025 15:01:17)	 (Not Inserted)
2 ,5 , NTPC , C , 8 , 18/11/2006 00:00:00 , R, 	(21-FEB-2025 15:01:17)	 (Not Inserted)
2 ,5 , NTPC , C , 7 , 30/01/2024 00:00:00 , 6, 	(21-FEB-2025 15:01:17)	 (Not Inserted)
2 ,5 , NTPC , C , 7 , 01/02/2024 00:00:00 , 1, 	(21-FEB-2025 15:01:17)	 (Not Inserted)
2 ,5 , NTPC , C , 21 , 01/02/2024 00:00:00 , 2, 	(21-FEB-2025 15:01:17)	 (Not Inserted)
2 ,5 , NTPC , C , 21 , 01/10/2022 00:00:00 , P2, 	(21-FEB-2025 15:01:17)	 (Not Inserted)
2 ,5 , NTPC , C , 24 , 01/02/2024 00:00:00 , 3, 	(21-FEB-2025 15:01:17)	 (Not Inserted)
2 ,5 , NTPC , C , 24 , 01/10/2022 00:00:00 , P3, 	(21-FEB-2025 15:01:17)	 (Not Inserted)
2 ,5 , NTPC , C , 27 , 01/10/2022 00:00:00 , P2, 	(21-FEB-2025 15:01:17)	 (Not Inserted)
2 ,5 , NTPC , C , 27 , 01/02/2024 00:00:00 , 2, 	(21-FEB-2025 15:01:17)	 (Not Inserted)
2 ,5 , NTPC , C , 12 , 01/02/2024 00:00:00 , 1, 	(21-FEB-2025 15:01:17)	 (Not Inserted)
2 ,5 , NTPC , C , 12 , 01/10/2022 00:00:00 , 6, 	(21-FEB-2025 15:01:17)	 (Not Inserted)
2 ,5 , NTPC , C , 12 , 01/10/2022 00:00:00 , 6, 	(21-FEB-2025 15:01:17)	 (Not Inserted)
2 ,5 , NTPC , C , 3 , 01/11/2023 00:00:00 , B, 	(21-FEB-2025 15:01:17)	 (Not Inserted)
2 ,5 , NTPC , C , 28 , 01/10/2022 00:00:00 , 6, 	(21-FEB-2025 15:01:17)	 (Not Inserted)
2 ,5 , NTPC , C , 28 , 01/02/2024 00:00:00 , 1, 	(21-FEB-2025 15:01:17)	 (Not Inserted)
2 ,5 , NTPC , C , 2 , 17/10/2023 00:00:00 , P4, 	(21-FEB-2025 15:01:17)	 (Not Inserted)
2 ,5 , NTPC , C , 18 , 01/02/2024 00:00:00 , 4, 	(21-FEB-2025 15:01:17)	 (Not Inserted)
2 ,5 , NTPC , C , 4 , 30/01/2024 00:00:00 , 6, 	(21-FEB-2025 15:01:17)	 (Not Inserted)
2 ,5 , NTPC , C , 4 , 01/02/2024 00:00:00 , 1, 	(21-FEB-2025 15:01:17)	 (Not Inserted)
2 ,5 , NTPC , C , 33 , 20/12/2023 00:00:00 , P4, 	(21-FEB-2025 15:01:17)	 (Not Inserted)
2 ,5 , NTPC , C , 33 , 20/12/2023 00:00:00 , P5, 	(21-FEB-2025 15:01:17)	 (Not Inserted)
2 ,5 , NTPC , C , 33 , 20/12/2023 00:00:00 , P3, 	(21-FEB-2025 15:01:17)	 (Not Inserted)
2 ,5 , NTPC , C , 33 , 20/12/2023 00:00:00 , P2, 	(21-FEB-2025 15:01:17)	 (Not Inserted)
2 ,5 , NTPC , C , 33 , 20/12/2023 00:00:00 , R, 	(21-FEB-2025 15:01:17)	 (Not Inserted)
2 ,5 , NTPC , C , 24 , 01/10/2022 00:00:00 , P4, 	(21-FEB-2025 15:01:17)	 (Not Inserted)
2 ,5 , NTPC , C , 2 , 30/01/2024 00:00:00 , 6, 	(21-FEB-2025 15:01:17)	 (Not Inserted)
2 ,5 , NTPC , C , 2 , 01/02/2024 00:00:00 , 1, 	(21-FEB-2025 15:01:17)	 (Not Inserted)
2 ,5 , NTPC , C , 19 , 01/02/2024 00:00:00 , 5, 	(21-FEB-2025 15:01:17)	 (Not Inserted)
2 ,5 , NTPC , C , 19 , 31/01/2024 00:00:00 , P5, 	(21-FEB-2025 15:01:17)	 (Not Inserted)
2 ,5 , NTPC , C , 20 , 01/02/2024 00:00:00 , 4, 	(21-FEB-2025 15:01:17)	 (Not Inserted)
2 ,5 , NTPC , C , 20 , 24/07/2023 00:00:00 , P4, 	(21-FEB-2025 15:01:17)	 (Not Inserted)
2 ,5 , NTPC , C , 6 , 30/01/2024 00:00:00 , 6, 	(21-FEB-2025 15:01:17)	 (Not Inserted)
2 ,5 , NTPC , C , 29 , 01/10/2022 00:00:00 , P6, 	(21-FEB-2025 15:01:17)	 (Not Inserted)
2 ,5 , NTPC , C , 29 , 01/02/2024 00:00:00 , 6, 	(21-FEB-2025 15:01:17)	 (Not Inserted)
2 ,5 , NTPC , C , 1 , 01/08/2023 00:00:00 , P3, 	(21-FEB-2025 15:01:17)	 (Not Inserted)
2 ,5 , NTPC , C , 1 , 01/02/2024 00:00:00 , 3, 	(21-FEB-2025 15:01:17)	 (Not Inserted)
2 ,5 , NTPC , C , 5 , 30/01/2024 00:00:00 , 6, 	(21-FEB-2025 15:01:17)	 (Not Inserted)
2 ,5 , NTPC , C , 5 , 01/02/2024 00:00:00 , 1, 	(21-FEB-2025 15:01:17)	 (Not Inserted)
2 ,5 , NTPC , C , 22 , 01/11/2023 00:00:00 , R, 	(21-FEB-2025 15:01:17)	 (Not Inserted)
2 ,5 , NTPC , C , 30 , 01/10/2022 00:00:00 , P5, 	(21-FEB-2025 15:01:17)	 (Not Inserted)
2 ,5 , NTPC , C , 15 , 18/11/2006 00:00:00 , R, 	(21-FEB-2025 15:01:17)	 (Not Inserted)
2 ,5 , NTPC , C , 14 , 18/11/2006 00:00:00 , R, 	(21-FEB-2025 15:01:17)	 (Not Inserted)
2 ,5 , NTPC , C , 3 , 18/11/2006 00:00:00 , 0, 	(21-FEB-2025 15:01:17)	 (Not Inserted)
2 ,5 , NTPC , C , 3 , 21/04/2010 00:00:00 , 0, 	(21-FEB-2025 15:01:17)	 (Not Inserted)
2 ,5 , NTPC , C , 3 , 21/05/2010 00:00:00 , R, 	(21-FEB-2025 15:01:17)	 (Not Inserted)
2 ,5 , NTPC , C , 13 , 18/11/2006 00:00:00 , R, 	(21-FEB-2025 15:01:17)	 (Not Inserted)
2 ,5 , NTPC , C , 6 , 18/11/2006 00:00:00 , R, 	(21-FEB-2025 15:01:17)	 (Not Inserted)
2 ,5 , NTPC , C , 16 , 18/11/2006 00:00:00 , R, 	(21-FEB-2025 15:01:17)	 (Not Inserted)
2 ,5 , NTPC , C , 9 , 18/11/2006 00:00:00 , R, 	(21-FEB-2025 15:01:17)	 (Not Inserted)
2 ,5 , NTPC , C , 12 , 18/11/2006 00:00:00 , R, 	(21-FEB-2025 15:01:17)	 (Not Inserted)
2 ,5 , NTPC , C , 2 , 18/11/2006 00:00:00 , 0, 	(21-FEB-2025 15:01:17)	 (Not Inserted)
2 ,5 , NTPC , C , 2 , 21/04/2010 00:00:00 , R, 	(21-FEB-2025 15:01:17)	 (Not Inserted)
2 ,5 , NTPC , C , 5 , 18/11/2006 00:00:00 , R, 	(21-FEB-2025 15:01:17)	 (Not Inserted)
2 ,5 , NTPC , C , 19 , 18/11/2006 00:00:00 , R, 	(21-FEB-2025 15:01:17)	 (Not Inserted)
2 ,5 , NTPC , C , 20 , 18/11/2006 00:00:00 , R, 	(21-FEB-2025 15:01:17)	 (Not Inserted)
2 ,5 , NTPC , C , 4 , 18/11/2006 00:00:00 , R, 	(21-FEB-2025 15:01:17)	 (Not Inserted)
2 ,5 , NTPC , C , 7 , 18/11/2006 00:00:00 , R, 	(21-FEB-2025 15:01:17)	 (Not Inserted)
2 ,5 , NTPC , C , 17 , 18/11/2006 00:00:00 , R, 	(21-FEB-2025 15:01:17)	 (Not Inserted)
2 ,5 , NTPC , C , 22 , 18/11/2006 00:00:00 , R, 	(21-FEB-2025 15:01:17)	 (Not Inserted)
2 ,5 , NTPC , C , 18 , 18/11/2006 00:00:00 , R, 	(21-FEB-2025 15:01:17)	 (Not Inserted)
2 ,5 , NTPC , C , 23 , 18/11/2006 00:00:00 , R, 	(21-FEB-2025 15:01:17)	 (Not Inserted)
2 ,5 , NTPC , C , 10 , 18/11/2006 00:00:00 , R, 	(21-FEB-2025 15:01:17)	 (Not Inserted)
2 ,5 , NTPC , C , 21 , 18/11/2006 00:00:00 , R, 	(21-FEB-2025 15:01:17)	 (Not Inserted)
2 ,5 , NTPC , C , 11 , 18/11/2006 00:00:00 , R, 	(21-FEB-2025 15:01:17)	 (Not Inserted)
2 ,5 , NTPC , C , 1 , 18/11/2006 00:00:00 , 0, 	(21-FEB-2025 15:01:17)	 (Not Inserted)
2 ,5 , NTPC , C , 1 , 21/04/2010 00:00:00 , R, 	(21-FEB-2025 15:01:17)	 (Not Inserted)
2 ,5 , NTPC , C , 8 , 18/11/2006 00:00:00 , R, 	(21-FEB-2025 15:01:17)	 (Not Inserted)
2 ,5 , NTPC , C , 7 , 30/01/2024 00:00:00 , 6, 	(21-FEB-2025 15:01:17)	 (Not Inserted)
2 ,5 , NTPC , C , 7 , 01/02/2024 00:00:00 , 1, 	(21-FEB-2025 15:01:17)	 (Not Inserted)
2 ,5 , NTPC , C , 21 , 01/02/2024 00:00:00 , 2, 	(21-FEB-2025 15:01:17)	 (Not Inserted)
2 ,5 , NTPC , C , 21 , 01/10/2022 00:00:00 , P2, 	(21-FEB-2025 15:01:17)	 (Not Inserted)
2 ,5 , NTPC , C , 24 , 01/02/2024 00:00:00 , 3, 	(21-FEB-2025 15:01:17)	 (Not Inserted)
2 ,5 , NTPC , C , 24 , 01/10/2022 00:00:00 , P3, 	(21-FEB-2025 15:01:17)	 (Not Inserted)
2 ,5 , NTPC , C , 27 , 01/10/2022 00:00:00 , P2, 	(21-FEB-2025 15:01:17)	 (Not Inserted)
2 ,5 , NTPC , C , 27 , 01/02/2024 00:00:00 , 2, 	(21-FEB-2025 15:01:17)	 (Not Inserted)
2 ,5 , NTPC , C , 12 , 01/02/2024 00:00:00 , 1, 	(21-FEB-2025 15:01:17)	 (Not Inserted)
2 ,5 , NTPC , C , 12 , 01/10/2022 00:00:00 , 6, 	(21-FEB-2025 15:01:17)	 (Not Inserted)
2 ,5 , NTPC , C , 12 , 01/10/2022 00:00:00 , 6, 	(21-FEB-2025 15:01:17)	 (Not Inserted)
2 ,5 , NTPC , C , 3 , 01/11/2023 00:00:00 , B, 	(21-FEB-2025 15:01:17)	 (Not Inserted)
2 ,5 , NTPC , C , 28 , 01/10/2022 00:00:00 , 6, 	(21-FEB-2025 15:01:17)	 (Not Inserted)
2 ,5 , NTPC , C , 28 , 01/02/2024 00:00:00 , 1, 	(21-FEB-2025 15:01:17)	 (Not Inserted)
2 ,5 , NTPC , C , 2 , 17/10/2023 00:00:00 , P4, 	(21-FEB-2025 15:01:17)	 (Not Inserted)
2 ,5 , NTPC , C , 18 , 01/02/2024 00:00:00 , 4, 	(21-FEB-2025 15:01:17)	 (Not Inserted)
2 ,5 , NTPC , C , 4 , 30/01/2024 00:00:00 , 6, 	(21-FEB-2025 15:01:17)	 (Not Inserted)
2 ,5 , NTPC , C , 4 , 01/02/2024 00:00:00 , 1, 	(21-FEB-2025 15:01:17)	 (Not Inserted)
2 ,5 , NTPC , C , 33 , 20/12/2023 00:00:00 , P4, 	(21-FEB-2025 15:01:17)	 (Not Inserted)
2 ,5 , NTPC , C , 33 , 20/12/2023 00:00:00 , P5, 	(21-FEB-2025 15:01:17)	 (Not Inserted)
2 ,5 , NTPC , C , 33 , 20/12/2023 00:00:00 , P3, 	(21-FEB-2025 15:01:17)	 (Not Inserted)
2 ,5 , NTPC , C , 33 , 20/12/2023 00:00:00 , P2, 	(21-FEB-2025 15:01:17)	 (Not Inserted)
2 ,5 , NTPC , C , 33 , 20/12/2023 00:00:00 , R, 	(21-FEB-2025 15:01:17)	 (Not Inserted)
2 ,5 , NTPC , C , 24 , 01/10/2022 00:00:00 , P4, 	(21-FEB-2025 15:01:17)	 (Not Inserted)
2 ,5 , NTPC , C , 2 , 30/01/2024 00:00:00 , 6, 	(21-FEB-2025 15:01:17)	 (Not Inserted)
2 ,5 , NTPC , C , 2 , 01/02/2024 00:00:00 , 1, 	(21-FEB-2025 15:01:17)	 (Not Inserted)
2 ,5 , NTPC , C , 19 , 01/02/2024 00:00:00 , 5, 	(21-FEB-2025 15:01:17)	 (Not Inserted)
2 ,5 , NTPC , C , 19 , 31/01/2024 00:00:00 , P5, 	(21-FEB-2025 15:01:17)	 (Not Inserted)
2 ,6 , KRIBHCO , C , 14 , 01/01/2022 00:00:00 , P1, 	(21-FEB-2025 15:01:17)	 (Not Inserted)
2 ,6 , KRIBHCO , C , 14 , 01/01/2022 00:00:00 , P1, 	(21-FEB-2025 15:01:17)	 (Not Inserted)
2 ,6 , KRIBHCO , C , 14 , 01/01/2022 00:00:00 , P1, 	(21-FEB-2025 15:01:17)	 (Not Inserted)
2 ,6 , KRIBHCO , C , 18 , 05/12/2007 00:00:00 , 1, 	(21-FEB-2025 15:01:17)	 (Not Inserted)
2 ,6 , KRIBHCO , C , 9 , 05/12/2007 00:00:00 , B, 	(21-FEB-2025 15:01:17)	 (Not Inserted)
2 ,6 , KRIBHCO , C , 13 , 01/01/2020 00:00:00 , B, 	(21-FEB-2025 15:01:17)	 (Not Inserted)
2 ,6 , KRIBHCO , C , 13 , 05/12/2007 00:00:00 , 1, 	(21-FEB-2025 15:01:17)	 (Not Inserted)
2 ,6 , KRIBHCO , C , 12 , 01/01/2020 00:00:00 , B, 	(21-FEB-2025 15:01:17)	 (Not Inserted)
2 ,6 , KRIBHCO , C , 1 , 05/12/2007 00:00:00 , R, 	(21-FEB-2025 15:01:17)	 (Not Inserted)
2 ,6 , KRIBHCO , C , 4 , 05/12/2007 00:00:00 , R, 	(21-FEB-2025 15:01:17)	 (Not Inserted)
2 ,6 , KRIBHCO , C , 6 , 05/12/2007 00:00:00 , R, 	(21-FEB-2025 15:01:17)	 (Not Inserted)
2 ,6 , KRIBHCO , C , 2 , 05/12/2007 00:00:00 , R, 	(21-FEB-2025 15:01:17)	 (Not Inserted)
2 ,6 , KRIBHCO , C , 8 , 05/12/2007 00:00:00 , P1, 	(21-FEB-2025 15:01:17)	 (Not Inserted)
2 ,6 , KRIBHCO , C , 7 , 05/12/2007 00:00:00 , R, 	(21-FEB-2025 15:01:17)	 (Not Inserted)
2 ,6 , KRIBHCO , C , 5 , 05/12/2007 00:00:00 , R, 	(21-FEB-2025 15:01:17)	 (Not Inserted)
2 ,6 , KRIBHCO , C , 3 , 05/12/2007 00:00:00 , R, 	(21-FEB-2025 15:01:17)	 (Not Inserted)
2 ,6 , KRIBHCO , C , 11 , 05/12/2007 00:00:00 , P1, 	(21-FEB-2025 15:01:17)	 (Not Inserted)
2 ,6 , KRIBHCO , C , 11 , 05/12/2007 00:00:00 , 1, 	(21-FEB-2025 15:01:17)	 (Not Inserted)
2 ,6 , KRIBHCO , C , 10 , 05/12/2007 00:00:00 , B, 	(21-FEB-2025 15:01:17)	 (Not Inserted)
2 ,6 , KRIBHCO , C , 14 , 01/01/2022 00:00:00 , P1, 	(21-FEB-2025 15:01:17)	 (Not Inserted)
2 ,6 , KRIBHCO , C , 14 , 01/01/2022 00:00:00 , P1, 	(21-FEB-2025 15:01:17)	 (Not Inserted)
2 ,6 , KRIBHCO , C , 14 , 01/01/2022 00:00:00 , P1, 	(21-FEB-2025 15:01:17)	 (Not Inserted)
2 ,6 , KRIBHCO , C , 18 , 05/12/2007 00:00:00 , 1, 	(21-FEB-2025 15:01:17)	 (Not Inserted)
2 ,6 , KRIBHCO , C , 9 , 05/12/2007 00:00:00 , B, 	(21-FEB-2025 15:01:17)	 (Not Inserted)
2 ,6 , KRIBHCO , C , 13 , 01/01/2020 00:00:00 , B, 	(21-FEB-2025 15:01:17)	 (Not Inserted)
2 ,6 , KRIBHCO , C , 13 , 05/12/2007 00:00:00 , 1, 	(21-FEB-2025 15:01:17)	 (Not Inserted)
2 ,6 , KRIBHCO , C , 12 , 01/01/2020 00:00:00 , B, 	(21-FEB-2025 15:01:17)	 (Not Inserted)
2 ,6 , KRIBHCO , C , 1 , 05/12/2007 00:00:00 , R, 	(21-FEB-2025 15:01:17)	 (Not Inserted)
2 ,6 , KRIBHCO , C , 4 , 05/12/2007 00:00:00 , R, 	(21-FEB-2025 15:01:17)	 (Not Inserted)
2 ,6 , KRIBHCO , C , 6 , 05/12/2007 00:00:00 , R, 	(21-FEB-2025 15:01:17)	 (Not Inserted)
2 ,6 , KRIBHCO , C , 2 , 05/12/2007 00:00:00 , R, 	(21-FEB-2025 15:01:17)	 (Not Inserted)
2 ,6 , KRIBHCO , C , 8 , 05/12/2007 00:00:00 , P1, 	(21-FEB-2025 15:01:17)	 (Not Inserted)
2 ,6 , KRIBHCO , C , 7 , 05/12/2007 00:00:00 , R, 	(21-FEB-2025 15:01:17)	 (Not Inserted)
2 ,6 , KRIBHCO , C , 5 , 05/12/2007 00:00:00 , R, 	(21-FEB-2025 15:01:17)	 (Not Inserted)
2 ,6 , KRIBHCO , C , 3 , 05/12/2007 00:00:00 , R, 	(21-FEB-2025 15:01:17)	 (Not Inserted)
2 ,6 , KRIBHCO , C , 11 , 05/12/2007 00:00:00 , P1, 	(21-FEB-2025 15:01:17)	 (Not Inserted)
2 ,6 , KRIBHCO , C , 11 , 05/12/2007 00:00:00 , 1, 	(21-FEB-2025 15:01:17)	 (Not Inserted)
2 ,6 , KRIBHCO , C , 10 , 05/12/2007 00:00:00 , B, 	(21-FEB-2025 15:01:17)	 (Not Inserted)
2 ,7 , DFPCL , C , 11 , 20/04/2022 00:00:00 , B, 	(21-FEB-2025 15:01:17)	 (Not Inserted)
2 ,7 , DFPCL , C , 9 , 03/12/2007 00:00:00 , B, 	(21-FEB-2025 15:01:17)	 (Not Inserted)
2 ,7 , DFPCL , C , 10 , 03/12/2007 00:00:00 , B, 	(21-FEB-2025 15:01:17)	 (Not Inserted)
2 ,7 , DFPCL , C , 10 , 03/12/2007 00:00:00 , B, 	(21-FEB-2025 15:01:17)	 (Not Inserted)
2 ,7 , DFPCL , C , 3 , 03/12/2007 00:00:00 , B, 	(21-FEB-2025 15:01:17)	 (Not Inserted)
2 ,7 , DFPCL , C , 1 , 03/12/2007 00:00:00 , B, 	(21-FEB-2025 15:01:17)	 (Not Inserted)
2 ,7 , DFPCL , C , 4 , 03/12/2007 00:00:00 , B, 	(21-FEB-2025 15:01:17)	 (Not Inserted)
2 ,7 , DFPCL , C , 2 , 03/12/2007 00:00:00 , B, 	(21-FEB-2025 15:01:17)	 (Not Inserted)
2 ,7 , DFPCL , C , 8 , 03/12/2007 00:00:00 , B, 	(21-FEB-2025 15:01:17)	 (Not Inserted)
2 ,7 , DFPCL , C , 5 , 03/12/2007 00:00:00 , B, 	(21-FEB-2025 15:01:17)	 (Not Inserted)
2 ,7 , DFPCL , C , 7 , 03/12/2007 00:00:00 , B, 	(21-FEB-2025 15:01:17)	 (Not Inserted)
2 ,7 , DFPCL , C , 6 , 03/12/2007 00:00:00 , B, 	(21-FEB-2025 15:01:17)	 (Not Inserted)
2 ,7 , DFPCL , C , 13 , 01/07/2022 00:00:00 , B, 	(21-FEB-2025 15:01:17)	 (Not Inserted)
2 ,7 , DFPCL , C , 11 , 03/12/2007 00:00:00 , B, 	(21-FEB-2025 15:01:17)	 (Not Inserted)
2 ,7 , DFPCL , C , 11 , 20/04/2022 00:00:00 , B, 	(21-FEB-2025 15:01:17)	 (Not Inserted)
2 ,7 , DFPCL , C , 9 , 03/12/2007 00:00:00 , B, 	(21-FEB-2025 15:01:17)	 (Not Inserted)
2 ,7 , DFPCL , C , 10 , 03/12/2007 00:00:00 , B, 	(21-FEB-2025 15:01:17)	 (Not Inserted)
2 ,7 , DFPCL , C , 10 , 03/12/2007 00:00:00 , B, 	(21-FEB-2025 15:01:17)	 (Not Inserted)
2 ,7 , DFPCL , C , 3 , 03/12/2007 00:00:00 , B, 	(21-FEB-2025 15:01:17)	 (Not Inserted)
2 ,7 , DFPCL , C , 1 , 03/12/2007 00:00:00 , B, 	(21-FEB-2025 15:01:17)	 (Not Inserted)
2 ,7 , DFPCL , C , 4 , 03/12/2007 00:00:00 , B, 	(21-FEB-2025 15:01:17)	 (Not Inserted)
2 ,7 , DFPCL , C , 2 , 03/12/2007 00:00:00 , B, 	(21-FEB-2025 15:01:17)	 (Not Inserted)
2 ,7 , DFPCL , C , 8 , 03/12/2007 00:00:00 , B, 	(21-FEB-2025 15:01:17)	 (Not Inserted)
2 ,7 , DFPCL , C , 5 , 03/12/2007 00:00:00 , B, 	(21-FEB-2025 15:01:17)	 (Not Inserted)
2 ,7 , DFPCL , C , 7 , 03/12/2007 00:00:00 , B, 	(21-FEB-2025 15:01:17)	 (Not Inserted)
2 ,7 , DFPCL , C , 6 , 03/12/2007 00:00:00 , B, 	(21-FEB-2025 15:01:17)	 (Not Inserted)
2 ,7 , DFPCL , C , 13 , 01/07/2022 00:00:00 , B, 	(21-FEB-2025 15:01:17)	 (Not Inserted)
2 ,7 , DFPCL , C , 11 , 03/12/2007 00:00:00 , B, 	(21-FEB-2025 15:01:17)	 (Not Inserted)
2 ,8 , AIGL , C , 5 , 22/07/2009 00:00:00 , B, 	(21-FEB-2025 15:01:17)	 (Not Inserted)
2 ,8 , AIGL , C , 2 , 22/07/2009 00:00:00 , B, 	(21-FEB-2025 15:01:17)	 (Not Inserted)
2 ,8 , AIGL , C , 1 , 22/07/2009 00:00:00 , B, 	(21-FEB-2025 15:01:17)	 (Not Inserted)
2 ,8 , AIGL , C , 3 , 22/07/2009 00:00:00 , B, 	(21-FEB-2025 15:01:17)	 (Not Inserted)
2 ,8 , AIGL , C , 6 , 22/07/2009 00:00:00 , B, 	(21-FEB-2025 15:01:17)	 (Not Inserted)
2 ,8 , AIGL , C , 7 , 22/07/2009 00:00:00 , B, 	(21-FEB-2025 15:01:17)	 (Not Inserted)
2 ,8 , AIGL , C , 4 , 22/07/2009 00:00:00 , B, 	(21-FEB-2025 15:01:17)	 (Not Inserted)
2 ,8 , AIGL , C , 9 , 22/07/2009 00:00:00 , B, 	(21-FEB-2025 15:01:17)	 (Not Inserted)
2 ,8 , AIGL , C , 8 , 22/07/2009 00:00:00 , B, 	(21-FEB-2025 15:01:17)	 (Not Inserted)
2 ,8 , AIGL , C , 5 , 22/07/2009 00:00:00 , B, 	(21-FEB-2025 15:01:17)	 (Not Inserted)
2 ,8 , AIGL , C , 2 , 22/07/2009 00:00:00 , B, 	(21-FEB-2025 15:01:17)	 (Not Inserted)
2 ,8 , AIGL , C , 1 , 22/07/2009 00:00:00 , B, 	(21-FEB-2025 15:01:17)	 (Not Inserted)
2 ,8 , AIGL , C , 3 , 22/07/2009 00:00:00 , B, 	(21-FEB-2025 15:01:17)	 (Not Inserted)
2 ,8 , AIGL , C , 6 , 22/07/2009 00:00:00 , B, 	(21-FEB-2025 15:01:17)	 (Not Inserted)
2 ,8 , AIGL , C , 7 , 22/07/2009 00:00:00 , B, 	(21-FEB-2025 15:01:17)	 (Not Inserted)
2 ,8 , AIGL , C , 4 , 22/07/2009 00:00:00 , B, 	(21-FEB-2025 15:01:17)	 (Not Inserted)
2 ,8 , AIGL , C , 9 , 22/07/2009 00:00:00 , B, 	(21-FEB-2025 15:01:17)	 (Not Inserted)
2 ,8 , AIGL , C , 8 , 22/07/2009 00:00:00 , B, 	(21-FEB-2025 15:01:17)	 (Not Inserted)
2 , , KSFL , C , 7 , 20/12/2007 00:00:00 , 0, 	(21-FEB-2025 15:01:17)	 (Not Inserted)
2 , , KSFL , C , 5 , 20/12/2007 00:00:00 , 0, 	(21-FEB-2025 15:01:17)	 (Not Inserted)
2 , , KSFL , C , 6 , 20/12/2007 00:00:00 , 0, 	(21-FEB-2025 15:01:17)	 (Not Inserted)
2 , , KSFL , C , 4 , 20/12/2007 00:00:00 , 0, 	(21-FEB-2025 15:01:17)	 (Not Inserted)
2 , , KSFL , C , 1 , 20/12/2007 00:00:00 , 0, 	(21-FEB-2025 15:01:17)	 (Not Inserted)
2 , , KSFL , C , 3 , 20/12/2007 00:00:00 , 0, 	(21-FEB-2025 15:01:17)	 (Not Inserted)
2 , , KSFL , C , 2 , 20/12/2007 00:00:00 , 0, 	(21-FEB-2025 15:01:17)	 (Not Inserted)
2 , , KSFL , C , 7 , 20/12/2007 00:00:00 , 0, 	(21-FEB-2025 15:01:17)	 (Not Inserted)
2 , , KSFL , C , 5 , 20/12/2007 00:00:00 , 0, 	(21-FEB-2025 15:01:17)	 (Not Inserted)
2 , , KSFL , C , 6 , 20/12/2007 00:00:00 , 0, 	(21-FEB-2025 15:01:17)	 (Not Inserted)
2 , , KSFL , C , 4 , 20/12/2007 00:00:00 , 0, 	(21-FEB-2025 15:01:17)	 (Not Inserted)
2 , , KSFL , C , 1 , 20/12/2007 00:00:00 , 0, 	(21-FEB-2025 15:01:17)	 (Not Inserted)
2 , , KSFL , C , 3 , 20/12/2007 00:00:00 , 0, 	(21-FEB-2025 15:01:17)	 (Not Inserted)
2 , , KSFL , C , 2 , 20/12/2007 00:00:00 , 0, 	(21-FEB-2025 15:01:17)	 (Not Inserted)
2 ,242 , MAHAGENCO , C , 3 , 16/04/2008 00:00:00 , 0, 	(21-FEB-2025 15:01:17)	 (Not Inserted)
2 ,242 , MAHAGENCO , C , 2 , 16/04/2008 00:00:00 , 0, 	(21-FEB-2025 15:01:17)	 (Not Inserted)
2 ,242 , MAHAGENCO , C , 1 , 16/04/2008 00:00:00 , 0, 	(21-FEB-2025 15:01:17)	 (Not Inserted)
2 ,242 , MAHAGENCO , C , 3 , 16/04/2008 00:00:00 , 0, 	(21-FEB-2025 15:01:17)	 (Not Inserted)
2 ,242 , MAHAGENCO , C , 2 , 16/04/2008 00:00:00 , 0, 	(21-FEB-2025 15:01:17)	 (Not Inserted)
2 ,242 , MAHAGENCO , C , 1 , 16/04/2008 00:00:00 , 0, 	(21-FEB-2025 15:01:17)	 (Not Inserted)
2 ,249 , NPL , C , 2 , 28/02/2008 00:00:00 , 0, 	(21-FEB-2025 15:01:17)	 (Not Inserted)
2 ,249 , NPL , C , 1 , 28/02/2008 00:00:00 , 0, 	(21-FEB-2025 15:01:17)	 (Not Inserted)
2 ,249 , NPL , C , 3 , 28/02/2008 00:00:00 , 0, 	(21-FEB-2025 15:01:17)	 (Not Inserted)
2 ,249 , NPL , C , 2 , 28/02/2008 00:00:00 , 0, 	(21-FEB-2025 15:01:17)	 (Not Inserted)
2 ,249 , NPL , C , 1 , 28/02/2008 00:00:00 , 0, 	(21-FEB-2025 15:01:17)	 (Not Inserted)
2 ,249 , NPL , C , 3 , 28/02/2008 00:00:00 , 0, 	(21-FEB-2025 15:01:17)	 (Not Inserted)
2 ,9 , SIGIL , C , 4 , 20/06/2013 00:00:00 , B, 	(21-FEB-2025 15:01:17)	 (Not Inserted)
2 ,9 , SIGIL , C , 4 , 20/06/2013 00:00:00 , B, 	(21-FEB-2025 15:01:17)	 (Not Inserted)
2 ,9 , SIGIL , C , 3 , 01/04/2009 00:00:00 , B, 	(21-FEB-2025 15:01:17)	 (Not Inserted)
2 ,9 , SIGIL , C , 3 , 01/04/2009 00:00:00 , B, 	(21-FEB-2025 15:01:17)	 (Not Inserted)
2 ,9 , SIGIL , C , 1 , 01/04/2009 00:00:00 , B, 	(21-FEB-2025 15:01:17)	 (Not Inserted)
2 ,9 , SIGIL , C , 1 , 01/04/2009 00:00:00 , B, 	(21-FEB-2025 15:01:17)	 (Not Inserted)
2 ,9 , SIGIL , C , 2 , 01/04/2009 00:00:00 , B, 	(21-FEB-2025 15:01:17)	 (Not Inserted)
2 ,9 , SIGIL , C , 2 , 01/04/2009 00:00:00 , B, 	(21-FEB-2025 15:01:17)	 (Not Inserted)
2 ,9 , SIGIL , C , 4 , 20/06/2013 00:00:00 , B, 	(21-FEB-2025 15:01:17)	 (Not Inserted)
2 ,9 , SIGIL , C , 4 , 20/06/2013 00:00:00 , B, 	(21-FEB-2025 15:01:17)	 (Not Inserted)
2 ,9 , SIGIL , C , 3 , 01/04/2009 00:00:00 , B, 	(21-FEB-2025 15:01:17)	 (Not Inserted)
2 ,9 , SIGIL , C , 3 , 01/04/2009 00:00:00 , B, 	(21-FEB-2025 15:01:17)	 (Not Inserted)
2 ,9 , SIGIL , C , 1 , 01/04/2009 00:00:00 , B, 	(21-FEB-2025 15:01:17)	 (Not Inserted)
2 ,9 , SIGIL , C , 1 , 01/04/2009 00:00:00 , B, 	(21-FEB-2025 15:01:17)	 (Not Inserted)
2 ,9 , SIGIL , C , 2 , 01/04/2009 00:00:00 , B, 	(21-FEB-2025 15:01:17)	 (Not Inserted)
2 ,9 , SIGIL , C , 2 , 01/04/2009 00:00:00 , B, 	(21-FEB-2025 15:01:17)	 (Not Inserted)
2 ,10 , GGCL , C , 2 , 11/05/2012 00:00:00 , B, 	(21-FEB-2025 15:01:17)	 (Not Inserted)
2 ,10 , GGCL , C , 1 , 11/05/2012 00:00:00 , R, 	(21-FEB-2025 15:01:17)	 (Not Inserted)
2 ,10 , GGCL , C , 1 , 25/07/2012 00:00:00 , R, 	(21-FEB-2025 15:01:17)	 (Not Inserted)
2 ,10 , GGCL , C , 2 , 11/05/2012 00:00:00 , B, 	(21-FEB-2025 15:01:17)	 (Not Inserted)
2 ,10 , GGCL , C , 1 , 11/05/2012 00:00:00 , R, 	(21-FEB-2025 15:01:17)	 (Not Inserted)
2 ,10 , GGCL , C , 1 , 25/07/2012 00:00:00 , R, 	(21-FEB-2025 15:01:17)	 (Not Inserted)
2 ,11 , TPL , C , 10 , 20/12/2018 00:00:00 , P1, 	(21-FEB-2025 15:01:17)	 (Not Inserted)
2 ,11 , TPL , C , 9 , 20/12/2018 00:00:00 , P1, 	(21-FEB-2025 15:01:17)	 (Not Inserted)
2 ,11 , TPL , C , 3 , 01/09/2023 00:00:00 , P1, 	(21-FEB-2025 15:01:17)	 (Not Inserted)
2 ,11 , TPL , C , 4 , 04/08/2012 00:00:00 , B, 	(21-FEB-2025 15:01:17)	 (Not Inserted)
2 ,11 , TPL , C , 8 , 01/04/2015 00:00:00 , P1, 	(21-FEB-2025 15:01:17)	 (Not Inserted)
2 ,11 , TPL , C , 1 , 04/08/2012 00:00:00 , P1, 	(21-FEB-2025 15:01:17)	 (Not Inserted)
2 ,11 , TPL , C , 1 , 01/04/2015 00:00:00 , 2, 	(21-FEB-2025 15:01:17)	 (Not Inserted)
2 ,11 , TPL , C , 3 , 04/08/2012 00:00:00 , C, 	(21-FEB-2025 15:01:17)	 (Not Inserted)
2 ,11 , TPL , C , 3 , 01/04/2015 00:00:00 , 2, 	(21-FEB-2025 15:01:17)	 (Not Inserted)
2 ,11 , TPL , C , 2 , 04/08/2012 00:00:00 , C, 	(21-FEB-2025 15:01:17)	 (Not Inserted)
2 ,11 , TPL , C , 2 , 01/04/2015 00:00:00 , 2, 	(21-FEB-2025 15:01:17)	 (Not Inserted)
2 ,11 , TPL , C , 9 , 01/09/2023 00:00:00 , P1, 	(21-FEB-2025 15:01:17)	 (Not Inserted)
2 ,11 , TPL , C , 2 , 01/09/2023 00:00:00 , P1, 	(21-FEB-2025 15:01:17)	 (Not Inserted)
2 ,11 , TPL , C , 10 , 20/12/2018 00:00:00 , P1, 	(21-FEB-2025 15:01:17)	 (Not Inserted)
2 ,11 , TPL , C , 9 , 20/12/2018 00:00:00 , P1, 	(21-FEB-2025 15:01:17)	 (Not Inserted)
2 ,11 , TPL , C , 3 , 01/09/2023 00:00:00 , P1, 	(21-FEB-2025 15:01:17)	 (Not Inserted)
2 ,11 , TPL , C , 4 , 04/08/2012 00:00:00 , B, 	(21-FEB-2025 15:01:17)	 (Not Inserted)
2 ,11 , TPL , C , 8 , 01/04/2015 00:00:00 , P1, 	(21-FEB-2025 15:01:17)	 (Not Inserted)
2 ,11 , TPL , C , 1 , 04/08/2012 00:00:00 , P1, 	(21-FEB-2025 15:01:17)	 (Not Inserted)
2 ,11 , TPL , C , 1 , 01/04/2015 00:00:00 , 2, 	(21-FEB-2025 15:01:17)	 (Not Inserted)
2 ,11 , TPL , C , 3 , 04/08/2012 00:00:00 , C, 	(21-FEB-2025 15:01:17)	 (Not Inserted)
2 ,11 , TPL , C , 3 , 01/04/2015 00:00:00 , 2, 	(21-FEB-2025 15:01:17)	 (Not Inserted)
2 ,11 , TPL , C , 2 , 04/08/2012 00:00:00 , C, 	(21-FEB-2025 15:01:17)	 (Not Inserted)
2 ,11 , TPL , C , 2 , 01/04/2015 00:00:00 , 2, 	(21-FEB-2025 15:01:17)	 (Not Inserted)
2 ,11 , TPL , C , 9 , 01/09/2023 00:00:00 , P1, 	(21-FEB-2025 15:01:17)	 (Not Inserted)
2 ,11 , TPL , C , 2 , 01/09/2023 00:00:00 , P1, 	(21-FEB-2025 15:01:17)	 (Not Inserted)
2 ,280 , WMSL , C , 1 , 31/05/2011 00:00:00 , C, 	(21-FEB-2025 15:01:17)	 (Not Inserted)
2 ,280 , WMSL , C , 2 , 31/05/2011 00:00:00 , C, 	(21-FEB-2025 15:01:17)	 (Not Inserted)
2 ,280 , WMSL , C , 3 , 25/11/2014 00:00:00 , P1, 	(21-FEB-2025 15:01:17)	 (Not Inserted)
2 ,280 , WMSL , C , 1 , 31/05/2011 00:00:00 , C, 	(21-FEB-2025 15:01:17)	 (Not Inserted)
2 ,280 , WMSL , C , 2 , 31/05/2011 00:00:00 , C, 	(21-FEB-2025 15:01:17)	 (Not Inserted)
2 ,280 , WMSL , C , 3 , 25/11/2014 00:00:00 , P1, 	(21-FEB-2025 15:01:17)	 (Not Inserted)
2 ,12 , MNGL , C , 1 , 20/06/2013 00:00:00 , C, 	(21-FEB-2025 15:01:17)	 (Not Inserted)
2 ,12 , MNGL , C , 2 , 20/06/2013 00:00:00 , C, 	(21-FEB-2025 15:01:17)	 (Not Inserted)
2 ,12 , MNGL , C , 1 , 20/06/2013 00:00:00 , C, 	(21-FEB-2025 15:01:17)	 (Not Inserted)
2 ,12 , MNGL , C , 2 , 20/06/2013 00:00:00 , C, 	(21-FEB-2025 15:01:17)	 (Not Inserted)
2 ,13 , IGL , C , 12 , 01/01/2020 00:00:00 , P1, 	(21-FEB-2025 15:01:17)	 (Not Inserted)
2 ,13 , IGL , C , 7 , 01/01/2020 00:00:00 , C, 	(21-FEB-2025 15:01:17)	 (Not Inserted)
2 ,13 , IGL , C , 19 , 01/12/2024 00:00:00 , P1, 	(21-FEB-2025 15:01:17)	 (Not Inserted)
2 ,13 , IGL , C , 19 , 01/12/2024 00:00:00 , 1, 	(21-FEB-2025 15:01:17)	 (Not Inserted)
2 ,13 , IGL , C , 10 , 01/01/2020 00:00:00 , B, 	(21-FEB-2025 15:01:17)	 (Not Inserted)
2 ,13 , IGL , C , 2 , 04/02/2011 00:00:00 , B, 	(21-FEB-2025 15:01:17)	 (Not Inserted)
2 ,13 , IGL , C , 1 , 04/02/2011 00:00:00 , R, 	(21-FEB-2025 15:01:17)	 (Not Inserted)
2 ,13 , IGL , C , 3 , 04/02/2011 00:00:00 , C, 	(21-FEB-2025 15:01:17)	 (Not Inserted)
2 ,13 , IGL , C , 3 , 12/09/2022 00:00:00 , 1, 	(21-FEB-2025 15:01:17)	 (Not Inserted)
2 ,13 , IGL , C , 4 , 04/02/2011 00:00:00 , C, 	(21-FEB-2025 15:01:17)	 (Not Inserted)
2 ,13 , IGL , C , 5 , 01/01/2020 00:00:00 , C, 	(21-FEB-2025 15:01:17)	 (Not Inserted)
2 ,13 , IGL , C , 5 , 20/01/2021 00:00:00 , C, 	(21-FEB-2025 15:01:17)	 (Not Inserted)
2 ,13 , IGL , C , 5 , 21/01/2021 00:00:00 , C, 	(21-FEB-2025 15:01:17)	 (Not Inserted)
2 ,13 , IGL , C , 14 , 12/09/2022 00:00:00 , P1, 	(21-FEB-2025 15:01:17)	 (Not Inserted)
2 ,13 , IGL , C , 14 , 12/09/2022 00:00:00 , 1, 	(21-FEB-2025 15:01:17)	 (Not Inserted)
2 ,13 , IGL , C , 11 , 01/01/2020 00:00:00 , B, 	(21-FEB-2025 15:01:17)	 (Not Inserted)
2 ,13 , IGL , C , 6 , 01/01/2020 00:00:00 , P1, 	(21-FEB-2025 15:01:17)	 (Not Inserted)
2 ,13 , IGL , C , 6 , 01/01/2020 00:00:00 , P2, 	(21-FEB-2025 15:01:17)	 (Not Inserted)
2 ,13 , IGL , C , 6 , 01/01/2020 00:00:00 , P3, 	(21-FEB-2025 15:01:17)	 (Not Inserted)
2 ,13 , IGL , C , 6 , 01/01/2020 00:00:00 , P5, 	(21-FEB-2025 15:01:17)	 (Not Inserted)
2 ,13 , IGL , C , 6 , 01/01/2020 00:00:00 , P4, 	(21-FEB-2025 15:01:17)	 (Not Inserted)
2 ,13 , IGL , C , 6 , 12/09/2022 00:00:00 , 1, 	(21-FEB-2025 15:01:17)	 (Not Inserted)
2 ,13 , IGL , C , 15 , 12/09/2022 00:00:00 , P1, 	(21-FEB-2025 15:01:17)	 (Not Inserted)
2 ,13 , IGL , C , 5 , 01/01/2024 00:00:00 , P1, 	(21-FEB-2025 15:01:17)	 (Not Inserted)
2 ,13 , IGL , C , 5 , 01/05/2024 00:00:00 , P2, 	(21-FEB-2025 15:01:17)	 (Not Inserted)
2 ,13 , IGL , C , 5 , 12/09/2022 00:00:00 , 1, 	(21-FEB-2025 15:01:17)	 (Not Inserted)
2 ,13 , IGL , C , 13 , 12/09/2022 00:00:00 , P1, 	(21-FEB-2025 15:01:17)	 (Not Inserted)
2 ,13 , IGL , C , 12 , 01/01/2020 00:00:00 , P1, 	(21-FEB-2025 15:01:17)	 (Not Inserted)
2 ,13 , IGL , C , 7 , 01/01/2020 00:00:00 , C, 	(21-FEB-2025 15:01:17)	 (Not Inserted)
2 ,13 , IGL , C , 19 , 01/12/2024 00:00:00 , P1, 	(21-FEB-2025 15:01:17)	 (Not Inserted)
2 ,13 , IGL , C , 19 , 01/12/2024 00:00:00 , 1, 	(21-FEB-2025 15:01:17)	 (Not Inserted)
2 ,13 , IGL , C , 10 , 01/01/2020 00:00:00 , B, 	(21-FEB-2025 15:01:17)	 (Not Inserted)
2 ,13 , IGL , C , 2 , 04/02/2011 00:00:00 , B, 	(21-FEB-2025 15:01:17)	 (Not Inserted)
2 ,13 , IGL , C , 1 , 04/02/2011 00:00:00 , R, 	(21-FEB-2025 15:01:17)	 (Not Inserted)
2 ,13 , IGL , C , 3 , 04/02/2011 00:00:00 , C, 	(21-FEB-2025 15:01:17)	 (Not Inserted)
2 ,13 , IGL , C , 3 , 12/09/2022 00:00:00 , 1, 	(21-FEB-2025 15:01:17)	 (Not Inserted)
2 ,13 , IGL , C , 4 , 04/02/2011 00:00:00 , C, 	(21-FEB-2025 15:01:17)	 (Not Inserted)
2 ,13 , IGL , C , 5 , 01/01/2020 00:00:00 , C, 	(21-FEB-2025 15:01:17)	 (Not Inserted)
2 ,13 , IGL , C , 5 , 20/01/2021 00:00:00 , C, 	(21-FEB-2025 15:01:17)	 (Not Inserted)
2 ,13 , IGL , C , 5 , 21/01/2021 00:00:00 , C, 	(21-FEB-2025 15:01:17)	 (Not Inserted)
2 ,13 , IGL , C , 14 , 12/09/2022 00:00:00 , P1, 	(21-FEB-2025 15:01:17)	 (Not Inserted)
2 ,13 , IGL , C , 14 , 12/09/2022 00:00:00 , 1, 	(21-FEB-2025 15:01:17)	 (Not Inserted)
2 ,13 , IGL , C , 11 , 01/01/2020 00:00:00 , B, 	(21-FEB-2025 15:01:17)	 (Not Inserted)
2 ,13 , IGL , C , 6 , 01/01/2020 00:00:00 , P1, 	(21-FEB-2025 15:01:17)	 (Not Inserted)
2 ,13 , IGL , C , 6 , 01/01/2020 00:00:00 , P2, 	(21-FEB-2025 15:01:17)	 (Not Inserted)
2 ,13 , IGL , C , 6 , 01/01/2020 00:00:00 , P3, 	(21-FEB-2025 15:01:17)	 (Not Inserted)
2 ,13 , IGL , C , 6 , 01/01/2020 00:00:00 , P5, 	(21-FEB-2025 15:01:17)	 (Not Inserted)
2 ,13 , IGL , C , 6 , 01/01/2020 00:00:00 , P4, 	(21-FEB-2025 15:01:17)	 (Not Inserted)
2 ,13 , IGL , C , 6 , 12/09/2022 00:00:00 , 1, 	(21-FEB-2025 15:01:17)	 (Not Inserted)
2 ,13 , IGL , C , 15 , 12/09/2022 00:00:00 , P1, 	(21-FEB-2025 15:01:17)	 (Not Inserted)
2 ,13 , IGL , C , 5 , 01/01/2024 00:00:00 , P1, 	(21-FEB-2025 15:01:17)	 (Not Inserted)
2 ,13 , IGL , C , 5 , 01/05/2024 00:00:00 , P2, 	(21-FEB-2025 15:01:17)	 (Not Inserted)
2 ,13 , IGL , C , 5 , 12/09/2022 00:00:00 , 1, 	(21-FEB-2025 15:01:17)	 (Not Inserted)
2 ,13 , IGL , C , 13 , 12/09/2022 00:00:00 , P1, 	(21-FEB-2025 15:01:17)	 (Not Inserted)
2 ,14 , BPCL , C , 1 , 28/02/2024 00:00:00 , P2, 	(21-FEB-2025 15:01:17)	 (Not Inserted)
2 ,14 , BPCL , C , 1 , 24/07/2014 00:00:00 , P1, 	(21-FEB-2025 15:01:17)	 (Not Inserted)
2 ,14 , BPCL , C , 1 , 01/07/2022 00:00:00 , 4, 	(21-FEB-2025 15:01:17)	 (Not Inserted)
2 ,14 , BPCL , C , 7 , 09/06/2022 00:00:00 , R, 	(21-FEB-2025 15:01:17)	 (Not Inserted)
2 ,14 , BPCL , C , 3 , 09/06/2022 00:00:00 , R, 	(21-FEB-2025 15:01:17)	 (Not Inserted)
2 ,14 , BPCL , C , 3 , 15/07/2022 00:00:00 , 4, 	(21-FEB-2025 15:01:17)	 (Not Inserted)
2 ,14 , BPCL , C , 3 , 28/02/2024 00:00:00 , P2, 	(21-FEB-2025 15:01:17)	 (Not Inserted)
2 ,14 , BPCL , C , 6 , 09/06/2022 00:00:00 , R, 	(21-FEB-2025 15:01:17)	 (Not Inserted)
2 ,14 , BPCL , C , 5 , 09/06/2022 00:00:00 , P1, 	(21-FEB-2025 15:01:17)	 (Not Inserted)
2 ,14 , BPCL , C , 8 , 09/06/2022 00:00:00 , P1, 	(21-FEB-2025 15:01:17)	 (Not Inserted)
2 ,14 , BPCL , C , 1 , 25/07/2014 00:00:00 , R, 	(21-FEB-2025 15:01:17)	 (Not Inserted)
2 ,14 , BPCL , C , 4 , 09/06/2022 00:00:00 , P1, 	(21-FEB-2025 15:01:17)	 (Not Inserted)
2 ,14 , BPCL , C , 4 , 15/07/2022 00:00:00 , 4, 	(21-FEB-2025 15:01:17)	 (Not Inserted)
2 ,14 , BPCL , C , 12 , 15/07/2022 00:00:00 , R, 	(21-FEB-2025 15:01:17)	 (Not Inserted)
2 ,14 , BPCL , C , 1 , 28/02/2024 00:00:00 , P2, 	(21-FEB-2025 15:01:17)	 (Not Inserted)
2 ,14 , BPCL , C , 1 , 24/07/2014 00:00:00 , P1, 	(21-FEB-2025 15:01:17)	 (Not Inserted)
2 ,14 , BPCL , C , 1 , 01/07/2022 00:00:00 , 4, 	(21-FEB-2025 15:01:17)	 (Not Inserted)
2 ,14 , BPCL , C , 7 , 09/06/2022 00:00:00 , R, 	(21-FEB-2025 15:01:17)	 (Not Inserted)
2 ,14 , BPCL , C , 3 , 09/06/2022 00:00:00 , R, 	(21-FEB-2025 15:01:17)	 (Not Inserted)
2 ,14 , BPCL , C , 3 , 15/07/2022 00:00:00 , 4, 	(21-FEB-2025 15:01:17)	 (Not Inserted)
2 ,14 , BPCL , C , 3 , 28/02/2024 00:00:00 , P2, 	(21-FEB-2025 15:01:17)	 (Not Inserted)
2 ,14 , BPCL , C , 6 , 09/06/2022 00:00:00 , R, 	(21-FEB-2025 15:01:17)	 (Not Inserted)
2 ,14 , BPCL , C , 5 , 09/06/2022 00:00:00 , P1, 	(21-FEB-2025 15:01:17)	 (Not Inserted)
2 ,14 , BPCL , C , 8 , 09/06/2022 00:00:00 , P1, 	(21-FEB-2025 15:01:17)	 (Not Inserted)
2 ,14 , BPCL , C , 1 , 25/07/2014 00:00:00 , R, 	(21-FEB-2025 15:01:17)	 (Not Inserted)
2 ,14 , BPCL , C , 4 , 09/06/2022 00:00:00 , P1, 	(21-FEB-2025 15:01:17)	 (Not Inserted)
2 ,14 , BPCL , C , 4 , 15/07/2022 00:00:00 , 4, 	(21-FEB-2025 15:01:17)	 (Not Inserted)
2 ,14 , BPCL , C , 12 , 15/07/2022 00:00:00 , R, 	(21-FEB-2025 15:01:17)	 (Not Inserted)
2 ,269 , TEL , C , 6 , 06/08/2014 00:00:00 , C, 	(21-FEB-2025 15:01:17)	 (Not Inserted)
2 ,269 , TEL , C , 2 , 06/08/2014 00:00:00 , B, 	(21-FEB-2025 15:01:17)	 (Not Inserted)
2 ,269 , TEL , C , 2 , 06/08/2014 00:00:00 , R, 	(21-FEB-2025 15:01:17)	 (Not Inserted)
2 ,269 , TEL , C , 5 , 06/08/2014 00:00:00 , C, 	(21-FEB-2025 15:01:17)	 (Not Inserted)
2 ,269 , TEL , C , 4 , 06/08/2014 00:00:00 , C, 	(21-FEB-2025 15:01:17)	 (Not Inserted)
2 ,269 , TEL , C , 1 , 06/08/2014 00:00:00 , C, 	(21-FEB-2025 15:01:17)	 (Not Inserted)
2 ,269 , TEL , C , 6 , 06/08/2014 00:00:00 , C, 	(21-FEB-2025 15:01:17)	 (Not Inserted)
2 ,269 , TEL , C , 2 , 06/08/2014 00:00:00 , B, 	(21-FEB-2025 15:01:17)	 (Not Inserted)
2 ,269 , TEL , C , 2 , 06/08/2014 00:00:00 , R, 	(21-FEB-2025 15:01:17)	 (Not Inserted)
2 ,269 , TEL , C , 5 , 06/08/2014 00:00:00 , C, 	(21-FEB-2025 15:01:17)	 (Not Inserted)
2 ,269 , TEL , C , 4 , 06/08/2014 00:00:00 , C, 	(21-FEB-2025 15:01:17)	 (Not Inserted)
2 ,269 , TEL , C , 1 , 06/08/2014 00:00:00 , C, 	(21-FEB-2025 15:01:17)	 (Not Inserted)
2 ,15 , HPCL , C , 13 , 01/04/2021 00:00:00 , B, 	(21-FEB-2025 15:01:17)	 (Not Inserted)
2 ,15 , HPCL , C , 13 , 01/12/2023 00:00:00 , P2, 	(21-FEB-2025 15:01:17)	 (Not Inserted)
2 ,15 , HPCL , C , 13 , 01/11/2024 00:00:00 , P4, 	(21-FEB-2025 15:01:17)	 (Not Inserted)
2 ,15 , HPCL , C , 3 , 16/07/2023 00:00:00 , B, 	(21-FEB-2025 15:01:17)	 (Not Inserted)
2 ,15 , HPCL , C , 3 , 01/12/2023 00:00:00 , P2, 	(21-FEB-2025 15:01:17)	 (Not Inserted)
2 ,15 , HPCL , C , 5 , 17/11/2010 00:00:00 , B, 	(21-FEB-2025 15:01:17)	 (Not Inserted)
2 ,15 , HPCL , C , 2 , 16/07/2023 00:00:00 , B, 	(21-FEB-2025 15:01:17)	 (Not Inserted)
2 ,15 , HPCL , C , 2 , 01/12/2023 00:00:00 , P2, 	(21-FEB-2025 15:01:17)	 (Not Inserted)
2 ,15 , HPCL , C , 3 , 17/11/2010 00:00:00 , P2, 	(21-FEB-2025 15:01:17)	 (Not Inserted)
2 ,15 , HPCL , C , 3 , 13/02/2015 00:00:00 , B, 	(21-FEB-2025 15:01:17)	 (Not Inserted)
2 ,15 , HPCL , C , 6 , 20/07/2021 00:00:00 , P1, 	(21-FEB-2025 15:01:17)	 (Not Inserted)
2 ,15 , HPCL , C , 6 , 01/02/2024 00:00:00 , 3, 	(21-FEB-2025 15:01:17)	 (Not Inserted)
2 ,15 , HPCL , C , 6 , 20/07/2021 00:00:00 , P1, 	(21-FEB-2025 15:01:17)	 (Not Inserted)
2 ,15 , HPCL , C , 1 , 17/11/2010 00:00:00 , R, 	(21-FEB-2025 15:01:17)	 (Not Inserted)
2 ,15 , HPCL , C , 1 , 16/07/2023 00:00:00 , P5, 	(21-FEB-2025 15:01:17)	 (Not Inserted)
2 ,15 , HPCL , C , 2 , 12/02/2015 00:00:00 , B, 	(21-FEB-2025 15:01:17)	 (Not Inserted)
2 ,15 , HPCL , C , 4 , 17/11/2010 00:00:00 , P1, 	(21-FEB-2025 15:01:17)	 (Not Inserted)
2 ,15 , HPCL , C , 4 , 17/11/2010 00:00:00 , 3, 	(21-FEB-2025 15:01:17)	 (Not Inserted)
2 ,15 , HPCL , C , 8 , 20/07/2021 00:00:00 , P1, 	(21-FEB-2025 15:01:17)	 (Not Inserted)
2 ,15 , HPCL , C , 8 , 20/07/2021 00:00:00 , 3, 	(21-FEB-2025 15:01:17)	 (Not Inserted)
2 ,15 , HPCL , C , 7 , 20/07/2021 00:00:00 , P1, 	(21-FEB-2025 15:01:17)	 (Not Inserted)
2 ,15 , HPCL , C , 7 , 20/07/2021 00:00:00 , 3, 	(21-FEB-2025 15:01:17)	 (Not Inserted)
2 ,15 , HPCL , C , 17 , 01/06/2024 00:00:00 , P1, 	(21-FEB-2025 15:01:17)	 (Not Inserted)
2 ,15 , HPCL , C , 19 , 01/06/2024 00:00:00 , P1, 	(21-FEB-2025 15:01:17)	 (Not Inserted)
2 ,15 , HPCL , C , 18 , 01/06/2024 00:00:00 , P1, 	(21-FEB-2025 15:01:17)	 (Not Inserted)
2 ,15 , HPCL , C , 13 , 01/04/2021 00:00:00 , B, 	(21-FEB-2025 15:01:17)	 (Not Inserted)
2 ,15 , HPCL , C , 13 , 01/12/2023 00:00:00 , P2, 	(21-FEB-2025 15:01:17)	 (Not Inserted)
2 ,15 , HPCL , C , 13 , 01/11/2024 00:00:00 , P4, 	(21-FEB-2025 15:01:17)	 (Not Inserted)
2 ,15 , HPCL , C , 3 , 16/07/2023 00:00:00 , B, 	(21-FEB-2025 15:01:17)	 (Not Inserted)
2 ,15 , HPCL , C , 3 , 01/12/2023 00:00:00 , P2, 	(21-FEB-2025 15:01:17)	 (Not Inserted)
2 ,15 , HPCL , C , 5 , 17/11/2010 00:00:00 , B, 	(21-FEB-2025 15:01:17)	 (Not Inserted)
2 ,15 , HPCL , C , 2 , 16/07/2023 00:00:00 , B, 	(21-FEB-2025 15:01:17)	 (Not Inserted)
2 ,15 , HPCL , C , 2 , 01/12/2023 00:00:00 , P2, 	(21-FEB-2025 15:01:17)	 (Not Inserted)
2 ,15 , HPCL , C , 3 , 17/11/2010 00:00:00 , P2, 	(21-FEB-2025 15:01:17)	 (Not Inserted)
2 ,15 , HPCL , C , 3 , 13/02/2015 00:00:00 , B, 	(21-FEB-2025 15:01:17)	 (Not Inserted)
2 ,15 , HPCL , C , 6 , 20/07/2021 00:00:00 , P1, 	(21-FEB-2025 15:01:17)	 (Not Inserted)
2 ,15 , HPCL , C , 6 , 01/02/2024 00:00:00 , 3, 	(21-FEB-2025 15:01:17)	 (Not Inserted)
2 ,15 , HPCL , C , 6 , 20/07/2021 00:00:00 , P1, 	(21-FEB-2025 15:01:17)	 (Not Inserted)
2 ,15 , HPCL , C , 1 , 17/11/2010 00:00:00 , R, 	(21-FEB-2025 15:01:17)	 (Not Inserted)
2 ,15 , HPCL , C , 1 , 16/07/2023 00:00:00 , P5, 	(21-FEB-2025 15:01:17)	 (Not Inserted)
2 ,15 , HPCL , C , 2 , 12/02/2015 00:00:00 , B, 	(21-FEB-2025 15:01:17)	 (Not Inserted)
2 ,15 , HPCL , C , 4 , 17/11/2010 00:00:00 , P1, 	(21-FEB-2025 15:01:17)	 (Not Inserted)
2 ,15 , HPCL , C , 4 , 17/11/2010 00:00:00 , 3, 	(21-FEB-2025 15:01:17)	 (Not Inserted)
2 ,15 , HPCL , C , 8 , 20/07/2021 00:00:00 , P1, 	(21-FEB-2025 15:01:17)	 (Not Inserted)
2 ,15 , HPCL , C , 8 , 20/07/2021 00:00:00 , 3, 	(21-FEB-2025 15:01:17)	 (Not Inserted)
2 ,15 , HPCL , C , 7 , 20/07/2021 00:00:00 , P1, 	(21-FEB-2025 15:01:17)	 (Not Inserted)
2 ,15 , HPCL , C , 7 , 20/07/2021 00:00:00 , 3, 	(21-FEB-2025 15:01:17)	 (Not Inserted)
2 ,15 , HPCL , C , 17 , 01/06/2024 00:00:00 , P1, 	(21-FEB-2025 15:01:17)	 (Not Inserted)
2 ,15 , HPCL , C , 19 , 01/06/2024 00:00:00 , P1, 	(21-FEB-2025 15:01:17)	 (Not Inserted)
2 ,15 , HPCL , C , 18 , 01/06/2024 00:00:00 , P1, 	(21-FEB-2025 15:01:17)	 (Not Inserted)
2 ,16 , JSW , C , 1 , 25/11/2014 00:00:00 , P1, 	(21-FEB-2025 15:01:17)	 (Not Inserted)
2 ,16 , JSW , C , 1 , 25/11/2014 00:00:00 , P1, 	(21-FEB-2025 15:01:17)	 (Not Inserted)
2 ,16 , JSW , C , 2 , 25/11/2014 00:00:00 , C, 	(21-FEB-2025 15:01:17)	 (Not Inserted)
2 ,16 , JSW , C , 2 , 25/11/2014 00:00:00 , C, 	(21-FEB-2025 15:01:17)	 (Not Inserted)
2 ,16 , JSW , C , 1 , 25/11/2014 00:00:00 , P1, 	(21-FEB-2025 15:01:17)	 (Not Inserted)
2 ,16 , JSW , C , 1 , 25/11/2014 00:00:00 , P1, 	(21-FEB-2025 15:01:17)	 (Not Inserted)
2 ,16 , JSW , C , 2 , 25/11/2014 00:00:00 , C, 	(21-FEB-2025 15:01:17)	 (Not Inserted)
2 ,16 , JSW , C , 2 , 25/11/2014 00:00:00 , C, 	(21-FEB-2025 15:01:17)	 (Not Inserted)
2 ,17 , BGL , C , 1 , 28/07/2016 00:00:00 , R, 	(21-FEB-2025 15:01:17)	 (Not Inserted)
2 ,17 , BGL , C , 1 , 28/07/2016 00:00:00 , R, 	(21-FEB-2025 15:01:17)	 (Not Inserted)
2 ,17 , BGL , C , 1 , 28/07/2016 00:00:00 , R, 	(21-FEB-2025 15:01:17)	 (Not Inserted)
2 ,17 , BGL , C , 1 , 28/07/2016 00:00:00 , R, 	(21-FEB-2025 15:01:17)	 (Not Inserted)
2 ,18 , GSFC , C , 14 , 11/08/2016 00:00:00 , P1, 	(21-FEB-2025 15:01:17)	 (Not Inserted)
2 ,18 , GSFC , C , 13 , 11/08/2016 00:00:00 , P1, 	(21-FEB-2025 15:01:17)	 (Not Inserted)
2 ,18 , GSFC , C , 4 , 11/08/2016 00:00:00 , B, 	(21-FEB-2025 15:01:17)	 (Not Inserted)
2 ,18 , GSFC , C , 4 , 11/08/2016 00:00:00 , B, 	(21-FEB-2025 15:01:17)	 (Not Inserted)
2 ,18 , GSFC , C , 4 , 11/08/2016 00:00:00 , B, 	(21-FEB-2025 15:01:17)	 (Not Inserted)
2 ,18 , GSFC , C , 4 , 11/08/2016 00:00:00 , B, 	(21-FEB-2025 15:01:17)	 (Not Inserted)
2 ,18 , GSFC , C , 4 , 11/08/2016 00:00:00 , B, 	(21-FEB-2025 15:01:17)	 (Not Inserted)
2 ,18 , GSFC , C , 4 , 11/08/2016 00:00:00 , B, 	(21-FEB-2025 15:01:17)	 (Not Inserted)
2 ,18 , GSFC , C , 4 , 11/08/2016 00:00:00 , B, 	(21-FEB-2025 15:01:17)	 (Not Inserted)
2 ,18 , GSFC , C , 4 , 11/08/2016 00:00:00 , B, 	(21-FEB-2025 15:01:17)	 (Not Inserted)
2 ,18 , GSFC , C , 10 , 11/08/2016 00:00:00 , B, 	(21-FEB-2025 15:01:17)	 (Not Inserted)
2 ,18 , GSFC , C , 1 , 11/08/2016 00:00:00 , B, 	(21-FEB-2025 15:01:17)	 (Not Inserted)
2 ,18 , GSFC , C , 2 , 11/08/2016 00:00:00 , R, 	(21-FEB-2025 15:01:17)	 (Not Inserted)
2 ,18 , GSFC , C , 3 , 11/08/2016 00:00:00 , B, 	(21-FEB-2025 15:01:17)	 (Not Inserted)
2 ,18 , GSFC , C , 14 , 11/08/2016 00:00:00 , P1, 	(21-FEB-2025 15:01:17)	 (Not Inserted)
2 ,18 , GSFC , C , 13 , 11/08/2016 00:00:00 , P1, 	(21-FEB-2025 15:01:17)	 (Not Inserted)
2 ,18 , GSFC , C , 4 , 11/08/2016 00:00:00 , B, 	(21-FEB-2025 15:01:17)	 (Not Inserted)
2 ,18 , GSFC , C , 4 , 11/08/2016 00:00:00 , B, 	(21-FEB-2025 15:01:17)	 (Not Inserted)
2 ,18 , GSFC , C , 4 , 11/08/2016 00:00:00 , B, 	(21-FEB-2025 15:01:17)	 (Not Inserted)
2 ,18 , GSFC , C , 4 , 11/08/2016 00:00:00 , B, 	(21-FEB-2025 15:01:17)	 (Not Inserted)
2 ,18 , GSFC , C , 4 , 11/08/2016 00:00:00 , B, 	(21-FEB-2025 15:01:17)	 (Not Inserted)
2 ,18 , GSFC , C , 4 , 11/08/2016 00:00:00 , B, 	(21-FEB-2025 15:01:17)	 (Not Inserted)
2 ,18 , GSFC , C , 4 , 11/08/2016 00:00:00 , B, 	(21-FEB-2025 15:01:17)	 (Not Inserted)
2 ,18 , GSFC , C , 4 , 11/08/2016 00:00:00 , B, 	(21-FEB-2025 15:01:17)	 (Not Inserted)
2 ,18 , GSFC , C , 10 , 11/08/2016 00:00:00 , B, 	(21-FEB-2025 15:01:17)	 (Not Inserted)
2 ,18 , GSFC , C , 1 , 11/08/2016 00:00:00 , B, 	(21-FEB-2025 15:01:17)	 (Not Inserted)
2 ,18 , GSFC , C , 2 , 11/08/2016 00:00:00 , R, 	(21-FEB-2025 15:01:17)	 (Not Inserted)
2 ,18 , GSFC , C , 3 , 11/08/2016 00:00:00 , B, 	(21-FEB-2025 15:01:17)	 (Not Inserted)
2 ,228 , H-Energy , C , 2 , 14/11/2016 00:00:00 , C, 	(21-FEB-2025 15:01:17)	 (Not Inserted)
2 ,228 , H-Energy , C , 3 , 14/11/2016 00:00:00 , B, 	(21-FEB-2025 15:01:17)	 (Not Inserted)
2 ,228 , H-Energy , C , 1 , 14/11/2016 00:00:00 , C, 	(21-FEB-2025 15:01:17)	 (Not Inserted)
2 ,228 , H-Energy , C , 2 , 14/11/2016 00:00:00 , C, 	(21-FEB-2025 15:01:17)	 (Not Inserted)
2 ,228 , H-Energy , C , 3 , 14/11/2016 00:00:00 , B, 	(21-FEB-2025 15:01:17)	 (Not Inserted)
2 ,228 , H-Energy , C , 1 , 14/11/2016 00:00:00 , C, 	(21-FEB-2025 15:01:17)	 (Not Inserted)
2 ,160 , SIMPL , C , 2 , 14/11/2016 00:00:00 , C, 	(21-FEB-2025 15:01:17)	 (Not Inserted)
2 ,160 , SIMPL , C , 2 , 14/11/2016 00:00:00 , C, 	(21-FEB-2025 15:01:17)	 (Not Inserted)
2 ,160 , SIMPL , C , 1 , 14/11/2016 00:00:00 , B, 	(21-FEB-2025 15:01:17)	 (Not Inserted)
2 ,160 , SIMPL , C , 1 , 14/11/2016 00:00:00 , B, 	(21-FEB-2025 15:01:17)	 (Not Inserted)
2 ,160 , SIMPL , C , 2 , 14/11/2016 00:00:00 , C, 	(21-FEB-2025 15:01:17)	 (Not Inserted)
2 ,160 , SIMPL , C , 2 , 14/11/2016 00:00:00 , C, 	(21-FEB-2025 15:01:17)	 (Not Inserted)
2 ,160 , SIMPL , C , 1 , 14/11/2016 00:00:00 , B, 	(21-FEB-2025 15:01:17)	 (Not Inserted)
2 ,160 , SIMPL , C , 1 , 14/11/2016 00:00:00 , B, 	(21-FEB-2025 15:01:17)	 (Not Inserted)
2 ,19 , ATGL , C , 1 , 01/02/2024 00:00:00 , P2, 	(21-FEB-2025 15:01:17)	 (Not Inserted)
2 ,19 , ATGL , C , 1 , 01/02/2024 00:00:00 , P2, 	(21-FEB-2025 15:01:17)	 (Not Inserted)
2 ,19 , ATGL , C , 4 , 15/02/2024 00:00:00 , P2, 	(21-FEB-2025 15:01:17)	 (Not Inserted)
2 ,19 , ATGL , C , 4 , 15/02/2024 00:00:00 , P2, 	(21-FEB-2025 15:01:17)	 (Not Inserted)
2 ,19 , ATGL , C , 3 , 15/02/2024 00:00:00 , P2, 	(21-FEB-2025 15:01:17)	 (Not Inserted)
2 ,19 , ATGL , C , 3 , 15/02/2024 00:00:00 , P2, 	(21-FEB-2025 15:01:17)	 (Not Inserted)
2 ,19 , ATGL , C , 2 , 15/02/2024 00:00:00 , P2, 	(21-FEB-2025 15:01:17)	 (Not Inserted)
2 ,19 , ATGL , C , 2 , 15/02/2024 00:00:00 , P2, 	(21-FEB-2025 15:01:17)	 (Not Inserted)
2 ,19 , ATGL , C , 5 , 01/02/2024 00:00:00 , P2, 	(21-FEB-2025 15:01:17)	 (Not Inserted)
2 ,19 , ATGL , C , 5 , 01/02/2024 00:00:00 , P2, 	(21-FEB-2025 15:01:17)	 (Not Inserted)
2 ,19 , ATGL , C , 5 , 22/02/2024 00:00:00 , P2, 	(21-FEB-2025 15:01:17)	 (Not Inserted)
2 ,19 , ATGL , C , 5 , 22/02/2024 00:00:00 , P2, 	(21-FEB-2025 15:01:17)	 (Not Inserted)
2 ,19 , ATGL , C , 1 , 01/02/2024 00:00:00 , P2, 	(21-FEB-2025 15:01:17)	 (Not Inserted)
2 ,19 , ATGL , C , 1 , 01/02/2024 00:00:00 , P2, 	(21-FEB-2025 15:01:17)	 (Not Inserted)
2 ,19 , ATGL , C , 4 , 15/02/2024 00:00:00 , P2, 	(21-FEB-2025 15:01:17)	 (Not Inserted)
2 ,19 , ATGL , C , 4 , 15/02/2024 00:00:00 , P2, 	(21-FEB-2025 15:01:17)	 (Not Inserted)
2 ,19 , ATGL , C , 3 , 15/02/2024 00:00:00 , P2, 	(21-FEB-2025 15:01:17)	 (Not Inserted)
2 ,19 , ATGL , C , 3 , 15/02/2024 00:00:00 , P2, 	(21-FEB-2025 15:01:17)	 (Not Inserted)
2 ,19 , ATGL , C , 2 , 15/02/2024 00:00:00 , P2, 	(21-FEB-2025 15:01:17)	 (Not Inserted)
2 ,19 , ATGL , C , 2 , 15/02/2024 00:00:00 , P2, 	(21-FEB-2025 15:01:17)	 (Not Inserted)
2 ,19 , ATGL , C , 5 , 01/02/2024 00:00:00 , P2, 	(21-FEB-2025 15:01:17)	 (Not Inserted)
2 ,19 , ATGL , C , 5 , 01/02/2024 00:00:00 , P2, 	(21-FEB-2025 15:01:17)	 (Not Inserted)
2 ,19 , ATGL , C , 5 , 22/02/2024 00:00:00 , P2, 	(21-FEB-2025 15:01:17)	 (Not Inserted)
2 ,19 , ATGL , C , 5 , 22/02/2024 00:00:00 , P2, 	(21-FEB-2025 15:01:17)	 (Not Inserted)
2 ,20 , AMNS , C , 1 , 09/03/2017 00:00:00 , B, 	(21-FEB-2025 15:01:17)	 (Not Inserted)
2 ,20 , AMNS , C , 8 , 01/01/2022 00:00:00 , B, 	(21-FEB-2025 15:01:17)	 (Not Inserted)
2 ,20 , AMNS , C , 3 , 09/03/2017 00:00:00 , P1, 	(21-FEB-2025 15:01:17)	 (Not Inserted)
2 ,20 , AMNS , C , 3 , 01/12/2023 00:00:00 , 4, 	(21-FEB-2025 15:01:17)	 (Not Inserted)
2 ,20 , AMNS , C , 3 , 01/12/2023 00:00:00 , R, 	(21-FEB-2025 15:01:17)	 (Not Inserted)
2 ,20 , AMNS , C , 12 , 01/07/2021 00:00:00 , B, 	(21-FEB-2025 15:01:17)	 (Not Inserted)
2 ,20 , AMNS , C , 12 , 01/12/2023 00:00:00 , 4, 	(21-FEB-2025 15:01:17)	 (Not Inserted)
2 ,20 , AMNS , C , 4 , 09/03/2017 00:00:00 , B, 	(21-FEB-2025 15:01:17)	 (Not Inserted)
2 ,20 , AMNS , C , 8 , 01/07/2021 00:00:00 , B, 	(21-FEB-2025 15:01:17)	 (Not Inserted)
2 ,20 , AMNS , C , 7 , 01/07/2021 00:00:00 , P1, 	(21-FEB-2025 15:01:17)	 (Not Inserted)
2 ,20 , AMNS , C , 10 , 01/07/2021 00:00:00 , P2, 	(21-FEB-2025 15:01:17)	 (Not Inserted)
2 ,20 , AMNS , C , 6 , 01/07/2021 00:00:00 , P1, 	(21-FEB-2025 15:01:17)	 (Not Inserted)
2 ,20 , AMNS , C , 5 , 01/07/2021 00:00:00 , P1, 	(21-FEB-2025 15:01:17)	 (Not Inserted)
2 ,20 , AMNS , C , 9 , 01/07/2021 00:00:00 , P2, 	(21-FEB-2025 15:01:17)	 (Not Inserted)
2 ,20 , AMNS , C , 9 , 01/12/2023 00:00:00 , 4, 	(21-FEB-2025 15:01:17)	 (Not Inserted)
2 ,20 , AMNS , C , 11 , 01/07/2021 00:00:00 , B, 	(21-FEB-2025 15:01:17)	 (Not Inserted)
2 ,20 , AMNS , C , 13 , 01/10/2022 00:00:00 , B, 	(21-FEB-2025 15:01:17)	 (Not Inserted)
2 ,20 , AMNS , C , 13 , 29/09/2022 00:00:00 , B, 	(21-FEB-2025 15:01:17)	 (Not Inserted)
2 ,20 , AMNS , C , 2 , 09/03/2017 00:00:00 , B, 	(21-FEB-2025 15:01:17)	 (Not Inserted)
2 ,20 , AMNS , C , 4 , 28/02/2022 00:00:00 , B, 	(21-FEB-2025 15:01:17)	 (Not Inserted)
2 ,20 , AMNS , C , 16 , 01/12/2023 00:00:00 , 4, 	(21-FEB-2025 15:01:17)	 (Not Inserted)
2 ,20 , AMNS , C , 13 , 01/12/2023 00:00:00 , 1, 	(21-FEB-2025 15:01:17)	 (Not Inserted)
2 ,20 , AMNS , C , 14 , 01/10/2022 00:00:00 , P2, 	(21-FEB-2025 15:01:17)	 (Not Inserted)
2 ,20 , AMNS , C , 1 , 01/12/2023 00:00:00 , P1, 	(21-FEB-2025 15:01:17)	 (Not Inserted)
2 ,20 , AMNS , C , 2 , 01/12/2023 00:00:00 , P1, 	(21-FEB-2025 15:01:17)	 (Not Inserted)
2 ,20 , AMNS , C , 2 , 01/12/2023 00:00:00 , 1, 	(21-FEB-2025 15:01:17)	 (Not Inserted)
2 ,20 , AMNS , C , 15 , 01/01/2023 00:00:00 , P2, 	(21-FEB-2025 15:01:17)	 (Not Inserted)
2 ,20 , AMNS , C , 15 , 01/12/2023 00:00:00 , 1, 	(21-FEB-2025 15:01:17)	 (Not Inserted)
2 ,20 , AMNS , C , 1 , 09/03/2017 00:00:00 , B, 	(21-FEB-2025 15:01:17)	 (Not Inserted)
2 ,20 , AMNS , C , 8 , 01/01/2022 00:00:00 , B, 	(21-FEB-2025 15:01:17)	 (Not Inserted)
2 ,20 , AMNS , C , 3 , 09/03/2017 00:00:00 , P1, 	(21-FEB-2025 15:01:17)	 (Not Inserted)
2 ,20 , AMNS , C , 3 , 01/12/2023 00:00:00 , 4, 	(21-FEB-2025 15:01:17)	 (Not Inserted)
2 ,20 , AMNS , C , 3 , 01/12/2023 00:00:00 , R, 	(21-FEB-2025 15:01:17)	 (Not Inserted)
2 ,20 , AMNS , C , 12 , 01/07/2021 00:00:00 , B, 	(21-FEB-2025 15:01:17)	 (Not Inserted)
2 ,20 , AMNS , C , 12 , 01/12/2023 00:00:00 , 4, 	(21-FEB-2025 15:01:17)	 (Not Inserted)
2 ,20 , AMNS , C , 4 , 09/03/2017 00:00:00 , B, 	(21-FEB-2025 15:01:17)	 (Not Inserted)
2 ,20 , AMNS , C , 8 , 01/07/2021 00:00:00 , B, 	(21-FEB-2025 15:01:17)	 (Not Inserted)
2 ,20 , AMNS , C , 7 , 01/07/2021 00:00:00 , P1, 	(21-FEB-2025 15:01:17)	 (Not Inserted)
2 ,20 , AMNS , C , 10 , 01/07/2021 00:00:00 , P2, 	(21-FEB-2025 15:01:17)	 (Not Inserted)
2 ,20 , AMNS , C , 6 , 01/07/2021 00:00:00 , P1, 	(21-FEB-2025 15:01:17)	 (Not Inserted)
2 ,20 , AMNS , C , 5 , 01/07/2021 00:00:00 , P1, 	(21-FEB-2025 15:01:17)	 (Not Inserted)
2 ,20 , AMNS , C , 9 , 01/07/2021 00:00:00 , P2, 	(21-FEB-2025 15:01:17)	 (Not Inserted)
2 ,20 , AMNS , C , 9 , 01/12/2023 00:00:00 , 4, 	(21-FEB-2025 15:01:17)	 (Not Inserted)
2 ,20 , AMNS , C , 11 , 01/07/2021 00:00:00 , B, 	(21-FEB-2025 15:01:17)	 (Not Inserted)
2 ,20 , AMNS , C , 13 , 01/10/2022 00:00:00 , B, 	(21-FEB-2025 15:01:17)	 (Not Inserted)
2 ,20 , AMNS , C , 13 , 29/09/2022 00:00:00 , B, 	(21-FEB-2025 15:01:17)	 (Not Inserted)
2 ,20 , AMNS , C , 2 , 09/03/2017 00:00:00 , B, 	(21-FEB-2025 15:01:17)	 (Not Inserted)
2 ,20 , AMNS , C , 4 , 28/02/2022 00:00:00 , B, 	(21-FEB-2025 15:01:17)	 (Not Inserted)
2 ,20 , AMNS , C , 16 , 01/12/2023 00:00:00 , 4, 	(21-FEB-2025 15:01:17)	 (Not Inserted)
2 ,20 , AMNS , C , 13 , 01/12/2023 00:00:00 , 1, 	(21-FEB-2025 15:01:17)	 (Not Inserted)
2 ,20 , AMNS , C , 14 , 01/10/2022 00:00:00 , P2, 	(21-FEB-2025 15:01:17)	 (Not Inserted)
2 ,20 , AMNS , C , 1 , 01/12/2023 00:00:00 , P1, 	(21-FEB-2025 15:01:17)	 (Not Inserted)
2 ,20 , AMNS , C , 2 , 01/12/2023 00:00:00 , P1, 	(21-FEB-2025 15:01:17)	 (Not Inserted)
2 ,20 , AMNS , C , 2 , 01/12/2023 00:00:00 , 1, 	(21-FEB-2025 15:01:17)	 (Not Inserted)
2 ,20 , AMNS , C , 15 , 01/01/2023 00:00:00 , P2, 	(21-FEB-2025 15:01:17)	 (Not Inserted)
2 ,20 , AMNS , C , 15 , 01/12/2023 00:00:00 , 1, 	(21-FEB-2025 15:01:17)	 (Not Inserted)
2 , , SEMTPL , C , 1 , 28/07/2017 00:00:00 , B, 	(21-FEB-2025 15:01:17)	 (Not Inserted)
2 , , SEMTPL , C , 1 , 01/06/2023 00:00:00 , 7, 	(21-FEB-2025 15:01:17)	 (Not Inserted)
2 , , SEMTPL , C , 6 , 28/07/2017 00:00:00 , B, 	(21-FEB-2025 15:01:17)	 (Not Inserted)
2 , , SEMTPL , C , 6 , 28/07/2017 00:00:00 , B, 	(21-FEB-2025 15:01:17)	 (Not Inserted)
2 , , SEMTPL , C , 4 , 28/07/2017 00:00:00 , B, 	(21-FEB-2025 15:01:17)	 (Not Inserted)
2 , , SEMTPL , C , 4 , 28/07/2017 00:00:00 , B, 	(21-FEB-2025 15:01:17)	 (Not Inserted)
2 , , SEMTPL , C , 12 , 01/06/2023 00:00:00 , 7, 	(21-FEB-2025 15:01:17)	 (Not Inserted)
2 , , SEMTPL , C , 12 , 01/07/2023 00:00:00 , P8, 	(21-FEB-2025 15:01:17)	 (Not Inserted)
2 , , SEMTPL , C , 12 , 01/07/2023 00:00:00 , 9, 	(21-FEB-2025 15:01:17)	 (Not Inserted)
2 , , SEMTPL , C , 12 , 01/07/2023 00:00:00 , P10, 	(21-FEB-2025 15:01:17)	 (Not Inserted)
2 , , SEMTPL , C , 2 , 28/07/2017 00:00:00 , P2, 	(21-FEB-2025 15:01:17)	 (Not Inserted)
2 , , SEMTPL , C , 2 , 28/07/2018 00:00:00 , P3, 	(21-FEB-2025 15:01:17)	 (Not Inserted)
2 , , SEMTPL , C , 2 , 28/07/2017 00:00:00 , P5, 	(21-FEB-2025 15:01:17)	 (Not Inserted)
2 , , SEMTPL , C , 2 , 28/07/2017 00:00:00 , 4, 	(21-FEB-2025 15:01:17)	 (Not Inserted)
2 , , SEMTPL , C , 2 , 01/05/2023 00:00:00 , 6, 	(21-FEB-2025 15:01:17)	 (Not Inserted)
2 , , SEMTPL , C , 1 , 28/07/2017 00:00:00 , B, 	(21-FEB-2025 15:01:17)	 (Not Inserted)
2 , , SEMTPL , C , 1 , 01/06/2023 00:00:00 , 7, 	(21-FEB-2025 15:01:17)	 (Not Inserted)
2 , , SEMTPL , C , 6 , 28/07/2017 00:00:00 , B, 	(21-FEB-2025 15:01:17)	 (Not Inserted)
2 , , SEMTPL , C , 6 , 28/07/2017 00:00:00 , B, 	(21-FEB-2025 15:01:17)	 (Not Inserted)
2 , , SEMTPL , C , 4 , 28/07/2017 00:00:00 , B, 	(21-FEB-2025 15:01:17)	 (Not Inserted)
2 , , SEMTPL , C , 4 , 28/07/2017 00:00:00 , B, 	(21-FEB-2025 15:01:17)	 (Not Inserted)
2 , , SEMTPL , C , 12 , 01/06/2023 00:00:00 , 7, 	(21-FEB-2025 15:01:17)	 (Not Inserted)
2 , , SEMTPL , C , 12 , 01/07/2023 00:00:00 , P8, 	(21-FEB-2025 15:01:17)	 (Not Inserted)
2 , , SEMTPL , C , 12 , 01/07/2023 00:00:00 , 9, 	(21-FEB-2025 15:01:17)	 (Not Inserted)
2 , , SEMTPL , C , 12 , 01/07/2023 00:00:00 , P10, 	(21-FEB-2025 15:01:17)	 (Not Inserted)
2 , , SEMTPL , C , 2 , 28/07/2017 00:00:00 , P2, 	(21-FEB-2025 15:01:17)	 (Not Inserted)
2 , , SEMTPL , C , 2 , 28/07/2018 00:00:00 , P3, 	(21-FEB-2025 15:01:17)	 (Not Inserted)
2 , , SEMTPL , C , 2 , 28/07/2017 00:00:00 , P5, 	(21-FEB-2025 15:01:17)	 (Not Inserted)
2 , , SEMTPL , C , 2 , 28/07/2017 00:00:00 , 4, 	(21-FEB-2025 15:01:17)	 (Not Inserted)
2 , , SEMTPL , C , 2 , 01/05/2023 00:00:00 , 6, 	(21-FEB-2025 15:01:17)	 (Not Inserted)
2 ,21 , SGIPL , C , 3 , 28/11/2017 00:00:00 , P3, 	(21-FEB-2025 15:01:17)	 (Not Inserted)
2 ,21 , SGIPL , C , 8 , 28/11/2017 00:00:00 , P5, 	(21-FEB-2025 15:01:17)	 (Not Inserted)
2 ,21 , SGIPL , C , 8 , 30/06/2022 00:00:00 , P3, 	(21-FEB-2025 15:01:17)	 (Not Inserted)
2 ,21 , SGIPL , C , 5 , 01/07/2022 00:00:00 , P3, 	(21-FEB-2025 15:01:17)	 (Not Inserted)
2 ,21 , SGIPL , C , 12 , 28/02/2022 00:00:00 , P5, 	(21-FEB-2025 15:01:17)	 (Not Inserted)
2 ,21 , SGIPL , C , 10 , 28/11/2017 00:00:00 , P5, 	(21-FEB-2025 15:01:17)	 (Not Inserted)
2 ,21 , SGIPL , C , 2 , 28/11/2017 00:00:00 , P3, 	(21-FEB-2025 15:01:17)	 (Not Inserted)
2 ,21 , SGIPL , C , 4 , 28/11/2017 00:00:00 , P3, 	(21-FEB-2025 15:01:17)	 (Not Inserted)
2 ,21 , SGIPL , C , 6 , 01/04/2024 00:00:00 , 6, 	(21-FEB-2025 15:01:17)	 (Not Inserted)
2 ,21 , SGIPL , C , 6 , 07/04/2024 00:00:00 , 6, 	(21-FEB-2025 15:01:17)	 (Not Inserted)
2 ,21 , SGIPL , C , 5 , 28/11/2017 00:00:00 , B, 	(21-FEB-2025 15:01:17)	 (Not Inserted)
2 ,21 , SGIPL , C , 5 , 28/11/2017 00:00:00 , B, 	(21-FEB-2025 15:01:17)	 (Not Inserted)
2 ,21 , SGIPL , C , 3 , 01/04/2024 00:00:00 , 6, 	(21-FEB-2025 15:01:17)	 (Not Inserted)
2 ,21 , SGIPL , C , 1 , 28/11/2017 00:00:00 , P2, 	(21-FEB-2025 15:01:17)	 (Not Inserted)
2 ,21 , SGIPL , C , 1 , 01/03/2021 00:00:00 , P1, 	(21-FEB-2025 15:01:17)	 (Not Inserted)
2 ,21 , SGIPL , C , 1 , 01/04/2024 00:00:00 , 6, 	(21-FEB-2025 15:01:17)	 (Not Inserted)
2 ,21 , SGIPL , C , 9 , 28/11/2017 00:00:00 , P5, 	(21-FEB-2025 15:01:17)	 (Not Inserted)
2 ,21 , SGIPL , C , 7 , 28/11/2017 00:00:00 , P5, 	(21-FEB-2025 15:01:17)	 (Not Inserted)
2 ,21 , SGIPL , C , 3 , 28/11/2017 00:00:00 , P3, 	(21-FEB-2025 15:01:17)	 (Not Inserted)
2 ,21 , SGIPL , C , 8 , 28/11/2017 00:00:00 , P5, 	(21-FEB-2025 15:01:17)	 (Not Inserted)
2 ,21 , SGIPL , C , 8 , 30/06/2022 00:00:00 , P3, 	(21-FEB-2025 15:01:17)	 (Not Inserted)
2 ,21 , SGIPL , C , 5 , 01/07/2022 00:00:00 , P3, 	(21-FEB-2025 15:01:17)	 (Not Inserted)
2 ,21 , SGIPL , C , 12 , 28/02/2022 00:00:00 , P5, 	(21-FEB-2025 15:01:17)	 (Not Inserted)
2 ,21 , SGIPL , C , 10 , 28/11/2017 00:00:00 , P5, 	(21-FEB-2025 15:01:17)	 (Not Inserted)
2 ,21 , SGIPL , C , 2 , 28/11/2017 00:00:00 , P3, 	(21-FEB-2025 15:01:17)	 (Not Inserted)
2 ,21 , SGIPL , C , 4 , 28/11/2017 00:00:00 , P3, 	(21-FEB-2025 15:01:17)	 (Not Inserted)
2 ,21 , SGIPL , C , 6 , 01/04/2024 00:00:00 , 6, 	(21-FEB-2025 15:01:17)	 (Not Inserted)
2 ,21 , SGIPL , C , 6 , 07/04/2024 00:00:00 , 6, 	(21-FEB-2025 15:01:17)	 (Not Inserted)
2 ,21 , SGIPL , C , 5 , 28/11/2017 00:00:00 , B, 	(21-FEB-2025 15:01:17)	 (Not Inserted)
2 ,21 , SGIPL , C , 5 , 28/11/2017 00:00:00 , B, 	(21-FEB-2025 15:01:17)	 (Not Inserted)
2 ,21 , SGIPL , C , 3 , 01/04/2024 00:00:00 , 6, 	(21-FEB-2025 15:01:17)	 (Not Inserted)
2 ,21 , SGIPL , C , 1 , 28/11/2017 00:00:00 , P2, 	(21-FEB-2025 15:01:17)	 (Not Inserted)
2 ,21 , SGIPL , C , 1 , 01/03/2021 00:00:00 , P1, 	(21-FEB-2025 15:01:17)	 (Not Inserted)
2 ,21 , SGIPL , C , 1 , 01/04/2024 00:00:00 , 6, 	(21-FEB-2025 15:01:17)	 (Not Inserted)
2 ,21 , SGIPL , C , 9 , 28/11/2017 00:00:00 , P5, 	(21-FEB-2025 15:01:17)	 (Not Inserted)
2 ,21 , SGIPL , C , 7 , 28/11/2017 00:00:00 , P5, 	(21-FEB-2025 15:01:17)	 (Not Inserted)
2 ,22 , VGL , C , 1 , 03/07/2019 00:00:00 , C, 	(21-FEB-2025 15:01:17)	 (Not Inserted)
2 ,22 , VGL , C , 3 , 03/07/2019 00:00:00 , B, 	(21-FEB-2025 15:01:17)	 (Not Inserted)
2 ,22 , VGL , C , 2 , 03/07/2019 00:00:00 , C, 	(21-FEB-2025 15:01:17)	 (Not Inserted)
2 ,22 , VGL , C , 4 , 01/01/2024 00:00:00 , P3, 	(21-FEB-2025 15:01:17)	 (Not Inserted)
2 ,22 , VGL , C , 5 , 01/01/2024 00:00:00 , C, 	(21-FEB-2025 15:01:17)	 (Not Inserted)
2 ,22 , VGL , C , 1 , 03/07/2019 00:00:00 , C, 	(21-FEB-2025 15:01:17)	 (Not Inserted)
2 ,22 , VGL , C , 3 , 03/07/2019 00:00:00 , B, 	(21-FEB-2025 15:01:17)	 (Not Inserted)
2 ,22 , VGL , C , 2 , 03/07/2019 00:00:00 , C, 	(21-FEB-2025 15:01:17)	 (Not Inserted)
2 ,22 , VGL , C , 4 , 01/01/2024 00:00:00 , P3, 	(21-FEB-2025 15:01:17)	 (Not Inserted)
2 ,22 , VGL , C , 5 , 01/01/2024 00:00:00 , C, 	(21-FEB-2025 15:01:17)	 (Not Inserted)
2 ,23 , PGPGPL , C , 4 , 04/10/2019 00:00:00 , P1, 	(21-FEB-2025 15:01:17)	 (Not Inserted)
2 ,23 , PGPGPL , C , 4 , 04/10/2019 00:00:00 , P1, 	(21-FEB-2025 15:01:17)	 (Not Inserted)
2 ,23 , PGPGPL , C , 4 , 04/10/2019 00:00:00 , P1, 	(21-FEB-2025 15:01:17)	 (Not Inserted)
2 ,23 , PGPGPL , C , 3 , 04/10/2019 00:00:00 , P1, 	(21-FEB-2025 15:01:17)	 (Not Inserted)
2 ,23 , PGPGPL , C , 3 , 04/10/2019 00:00:00 , P1, 	(21-FEB-2025 15:01:17)	 (Not Inserted)
2 ,23 , PGPGPL , C , 3 , 04/10/2019 00:00:00 , P1, 	(21-FEB-2025 15:01:17)	 (Not Inserted)
2 ,23 , PGPGPL , C , 3 , 04/10/2019 00:00:00 , P2, 	(21-FEB-2025 15:01:17)	 (Not Inserted)
2 ,23 , PGPGPL , C , 3 , 04/10/2019 00:00:00 , P2, 	(21-FEB-2025 15:01:17)	 (Not Inserted)
2 ,23 , PGPGPL , C , 3 , 04/10/2019 00:00:00 , P2, 	(21-FEB-2025 15:01:17)	 (Not Inserted)
2 ,23 , PGPGPL , C , 10 , 04/10/2019 00:00:00 , P1, 	(21-FEB-2025 15:01:17)	 (Not Inserted)
2 ,23 , PGPGPL , C , 10 , 04/10/2019 00:00:00 , P1, 	(21-FEB-2025 15:01:17)	 (Not Inserted)
2 ,23 , PGPGPL , C , 10 , 04/10/2019 00:00:00 , P1, 	(21-FEB-2025 15:01:17)	 (Not Inserted)
2 ,23 , PGPGPL , C , 8 , 04/10/2019 00:00:00 , B, 	(21-FEB-2025 15:01:17)	 (Not Inserted)
2 ,23 , PGPGPL , C , 8 , 04/10/2019 00:00:00 , B, 	(21-FEB-2025 15:01:17)	 (Not Inserted)
2 ,23 , PGPGPL , C , 8 , 04/10/2019 00:00:00 , B, 	(21-FEB-2025 15:01:17)	 (Not Inserted)
2 ,23 , PGPGPL , C , 11 , 04/10/2019 00:00:00 , P2, 	(21-FEB-2025 15:01:17)	 (Not Inserted)
2 ,23 , PGPGPL , C , 11 , 04/10/2019 00:00:00 , P2, 	(21-FEB-2025 15:01:17)	 (Not Inserted)
2 ,23 , PGPGPL , C , 11 , 04/10/2019 00:00:00 , P2, 	(21-FEB-2025 15:01:17)	 (Not Inserted)
2 ,23 , PGPGPL , C , 8 , 01/01/2020 00:00:00 , P2, 	(21-FEB-2025 15:01:17)	 (Not Inserted)
2 ,23 , PGPGPL , C , 8 , 01/01/2020 00:00:00 , P2, 	(21-FEB-2025 15:01:17)	 (Not Inserted)
2 ,23 , PGPGPL , C , 8 , 01/01/2020 00:00:00 , P2, 	(21-FEB-2025 15:01:17)	 (Not Inserted)
2 ,23 , PGPGPL , C , 8 , 04/10/2019 00:00:00 , P1, 	(21-FEB-2025 15:01:17)	 (Not Inserted)
2 ,23 , PGPGPL , C , 8 , 04/10/2019 00:00:00 , P1, 	(21-FEB-2025 15:01:17)	 (Not Inserted)
2 ,23 , PGPGPL , C , 8 , 04/10/2019 00:00:00 , P1, 	(21-FEB-2025 15:01:17)	 (Not Inserted)
2 ,23 , PGPGPL , C , 2 , 04/10/2019 00:00:00 , P1, 	(21-FEB-2025 15:01:17)	 (Not Inserted)
2 ,23 , PGPGPL , C , 2 , 04/10/2019 00:00:00 , P1, 	(21-FEB-2025 15:01:17)	 (Not Inserted)
2 ,23 , PGPGPL , C , 2 , 04/10/2019 00:00:00 , P1, 	(21-FEB-2025 15:01:17)	 (Not Inserted)
2 ,23 , PGPGPL , C , 2 , 04/10/2019 00:00:00 , P2, 	(21-FEB-2025 15:01:17)	 (Not Inserted)
2 ,23 , PGPGPL , C , 2 , 04/10/2019 00:00:00 , P2, 	(21-FEB-2025 15:01:17)	 (Not Inserted)
2 ,23 , PGPGPL , C , 2 , 04/10/2019 00:00:00 , P2, 	(21-FEB-2025 15:01:17)	 (Not Inserted)
2 ,23 , PGPGPL , C , 6 , 04/10/2019 00:00:00 , P2, 	(21-FEB-2025 15:01:17)	 (Not Inserted)
2 ,23 , PGPGPL , C , 6 , 04/10/2019 00:00:00 , P2, 	(21-FEB-2025 15:01:17)	 (Not Inserted)
2 ,23 , PGPGPL , C , 6 , 04/10/2019 00:00:00 , P2, 	(21-FEB-2025 15:01:17)	 (Not Inserted)
2 ,23 , PGPGPL , C , 1 , 04/10/2019 00:00:00 , P1, 	(21-FEB-2025 15:01:17)	 (Not Inserted)
2 ,23 , PGPGPL , C , 1 , 04/10/2019 00:00:00 , P1, 	(21-FEB-2025 15:01:17)	 (Not Inserted)
2 ,23 , PGPGPL , C , 1 , 04/10/2019 00:00:00 , P1, 	(21-FEB-2025 15:01:17)	 (Not Inserted)
2 ,23 , PGPGPL , C , 4 , 04/10/2019 00:00:00 , P1, 	(21-FEB-2025 15:01:17)	 (Not Inserted)
2 ,23 , PGPGPL , C , 4 , 04/10/2019 00:00:00 , P1, 	(21-FEB-2025 15:01:17)	 (Not Inserted)
2 ,23 , PGPGPL , C , 4 , 04/10/2019 00:00:00 , P1, 	(21-FEB-2025 15:01:17)	 (Not Inserted)
2 ,23 , PGPGPL , C , 3 , 04/10/2019 00:00:00 , P1, 	(21-FEB-2025 15:01:17)	 (Not Inserted)
2 ,23 , PGPGPL , C , 3 , 04/10/2019 00:00:00 , P1, 	(21-FEB-2025 15:01:17)	 (Not Inserted)
2 ,23 , PGPGPL , C , 3 , 04/10/2019 00:00:00 , P1, 	(21-FEB-2025 15:01:17)	 (Not Inserted)
2 ,23 , PGPGPL , C , 3 , 04/10/2019 00:00:00 , P2, 	(21-FEB-2025 15:01:17)	 (Not Inserted)
2 ,23 , PGPGPL , C , 3 , 04/10/2019 00:00:00 , P2, 	(21-FEB-2025 15:01:17)	 (Not Inserted)
2 ,23 , PGPGPL , C , 3 , 04/10/2019 00:00:00 , P2, 	(21-FEB-2025 15:01:17)	 (Not Inserted)
2 ,23 , PGPGPL , C , 10 , 04/10/2019 00:00:00 , P1, 	(21-FEB-2025 15:01:17)	 (Not Inserted)
2 ,23 , PGPGPL , C , 10 , 04/10/2019 00:00:00 , P1, 	(21-FEB-2025 15:01:17)	 (Not Inserted)
2 ,23 , PGPGPL , C , 10 , 04/10/2019 00:00:00 , P1, 	(21-FEB-2025 15:01:17)	 (Not Inserted)
2 ,23 , PGPGPL , C , 8 , 04/10/2019 00:00:00 , B, 	(21-FEB-2025 15:01:17)	 (Not Inserted)
2 ,23 , PGPGPL , C , 8 , 04/10/2019 00:00:00 , B, 	(21-FEB-2025 15:01:17)	 (Not Inserted)
2 ,23 , PGPGPL , C , 8 , 04/10/2019 00:00:00 , B, 	(21-FEB-2025 15:01:17)	 (Not Inserted)
2 ,23 , PGPGPL , C , 11 , 04/10/2019 00:00:00 , P2, 	(21-FEB-2025 15:01:17)	 (Not Inserted)
2 ,23 , PGPGPL , C , 11 , 04/10/2019 00:00:00 , P2, 	(21-FEB-2025 15:01:17)	 (Not Inserted)
2 ,23 , PGPGPL , C , 11 , 04/10/2019 00:00:00 , P2, 	(21-FEB-2025 15:01:17)	 (Not Inserted)
2 ,23 , PGPGPL , C , 8 , 01/01/2020 00:00:00 , P2, 	(21-FEB-2025 15:01:17)	 (Not Inserted)
2 ,23 , PGPGPL , C , 8 , 01/01/2020 00:00:00 , P2, 	(21-FEB-2025 15:01:17)	 (Not Inserted)
2 ,23 , PGPGPL , C , 8 , 01/01/2020 00:00:00 , P2, 	(21-FEB-2025 15:01:17)	 (Not Inserted)
2 ,23 , PGPGPL , C , 8 , 04/10/2019 00:00:00 , P1, 	(21-FEB-2025 15:01:17)	 (Not Inserted)
2 ,23 , PGPGPL , C , 8 , 04/10/2019 00:00:00 , P1, 	(21-FEB-2025 15:01:17)	 (Not Inserted)
2 ,23 , PGPGPL , C , 8 , 04/10/2019 00:00:00 , P1, 	(21-FEB-2025 15:01:17)	 (Not Inserted)
2 ,23 , PGPGPL , C , 2 , 04/10/2019 00:00:00 , P1, 	(21-FEB-2025 15:01:17)	 (Not Inserted)
2 ,23 , PGPGPL , C , 2 , 04/10/2019 00:00:00 , P1, 	(21-FEB-2025 15:01:17)	 (Not Inserted)
2 ,23 , PGPGPL , C , 2 , 04/10/2019 00:00:00 , P1, 	(21-FEB-2025 15:01:17)	 (Not Inserted)
2 ,23 , PGPGPL , C , 2 , 04/10/2019 00:00:00 , P2, 	(21-FEB-2025 15:01:17)	 (Not Inserted)
2 ,23 , PGPGPL , C , 2 , 04/10/2019 00:00:00 , P2, 	(21-FEB-2025 15:01:17)	 (Not Inserted)
2 ,23 , PGPGPL , C , 2 , 04/10/2019 00:00:00 , P2, 	(21-FEB-2025 15:01:17)	 (Not Inserted)
2 ,23 , PGPGPL , C , 6 , 04/10/2019 00:00:00 , P2, 	(21-FEB-2025 15:01:17)	 (Not Inserted)
2 ,23 , PGPGPL , C , 6 , 04/10/2019 00:00:00 , P2, 	(21-FEB-2025 15:01:17)	 (Not Inserted)
2 ,23 , PGPGPL , C , 6 , 04/10/2019 00:00:00 , P2, 	(21-FEB-2025 15:01:17)	 (Not Inserted)
2 ,23 , PGPGPL , C , 1 , 04/10/2019 00:00:00 , P1, 	(21-FEB-2025 15:01:17)	 (Not Inserted)
2 ,23 , PGPGPL , C , 1 , 04/10/2019 00:00:00 , P1, 	(21-FEB-2025 15:01:17)	 (Not Inserted)
2 ,23 , PGPGPL , C , 1 , 04/10/2019 00:00:00 , P1, 	(21-FEB-2025 15:01:17)	 (Not Inserted)
2 ,24 , HCG , C , 7 , 01/06/2023 00:00:00 , B, 	(21-FEB-2025 15:01:17)	 (Not Inserted)
2 ,24 , HCG , C , 7 , 02/12/2019 00:00:00 , B, 	(21-FEB-2025 15:01:17)	 (Not Inserted)
2 ,24 , HCG , C , 3 , 02/12/2019 00:00:00 , B, 	(21-FEB-2025 15:01:17)	 (Not Inserted)
2 ,24 , HCG , C , 2 , 02/12/2019 00:00:00 , B, 	(21-FEB-2025 15:01:17)	 (Not Inserted)
2 ,24 , HCG , C , 8 , 02/12/2019 00:00:00 , B, 	(21-FEB-2025 15:01:17)	 (Not Inserted)
2 ,24 , HCG , C , 1 , 02/12/2019 00:00:00 , B, 	(21-FEB-2025 15:01:17)	 (Not Inserted)
2 ,24 , HCG , C , 7 , 14/04/2021 00:00:00 , B, 	(21-FEB-2025 15:01:17)	 (Not Inserted)
2 ,24 , HCG , C , 6 , 02/12/2019 00:00:00 , B, 	(21-FEB-2025 15:01:17)	 (Not Inserted)
2 ,24 , HCG , C , 4 , 02/12/2019 00:00:00 , B, 	(21-FEB-2025 15:01:17)	 (Not Inserted)
2 ,24 , HCG , C , 5 , 02/12/2019 00:00:00 , B, 	(21-FEB-2025 15:01:17)	 (Not Inserted)
2 ,24 , HCG , C , 7 , 01/06/2023 00:00:00 , B, 	(21-FEB-2025 15:01:17)	 (Not Inserted)
2 ,24 , HCG , C , 7 , 02/12/2019 00:00:00 , B, 	(21-FEB-2025 15:01:17)	 (Not Inserted)
2 ,24 , HCG , C , 3 , 02/12/2019 00:00:00 , B, 	(21-FEB-2025 15:01:17)	 (Not Inserted)
2 ,24 , HCG , C , 2 , 02/12/2019 00:00:00 , B, 	(21-FEB-2025 15:01:17)	 (Not Inserted)
2 ,24 , HCG , C , 8 , 02/12/2019 00:00:00 , B, 	(21-FEB-2025 15:01:17)	 (Not Inserted)
2 ,24 , HCG , C , 1 , 02/12/2019 00:00:00 , B, 	(21-FEB-2025 15:01:17)	 (Not Inserted)
2 ,24 , HCG , C , 7 , 14/04/2021 00:00:00 , B, 	(21-FEB-2025 15:01:17)	 (Not Inserted)
2 ,24 , HCG , C , 6 , 02/12/2019 00:00:00 , B, 	(21-FEB-2025 15:01:17)	 (Not Inserted)
2 ,24 , HCG , C , 4 , 02/12/2019 00:00:00 , B, 	(21-FEB-2025 15:01:17)	 (Not Inserted)
2 ,24 , HCG , C , 5 , 02/12/2019 00:00:00 , B, 	(21-FEB-2025 15:01:17)	 (Not Inserted)
2 ,25 , GGL , C , 2 , 09/12/2019 00:00:00 , B, 	(21-FEB-2025 15:01:17)	 (Not Inserted)
2 ,25 , GGL , C , 8 , 16/06/2023 00:00:00 , P2, 	(21-FEB-2025 15:01:17)	 (Not Inserted)
2 ,25 , GGL , C , 8 , 28/02/2024 00:00:00 , 3, 	(21-FEB-2025 15:01:17)	 (Not Inserted)
2 ,25 , GGL , C , 8 , 16/05/2023 00:00:00 , P1, 	(21-FEB-2025 15:01:17)	 (Not Inserted)
2 ,25 , GGL , C , 7 , 09/12/2019 00:00:00 , B, 	(21-FEB-2025 15:01:17)	 (Not Inserted)
2 ,25 , GGL , C , 8 , 16/06/2022 00:00:00 , P2, 	(21-FEB-2025 15:01:17)	 (Not Inserted)
2 ,25 , GGL , C , 4 , 09/12/2019 00:00:00 , B, 	(21-FEB-2025 15:01:17)	 (Not Inserted)
2 ,25 , GGL , C , 4 , 09/12/2019 00:00:00 , B, 	(21-FEB-2025 15:01:17)	 (Not Inserted)
2 ,25 , GGL , C , 4 , 09/12/2019 00:00:00 , B, 	(21-FEB-2025 15:01:17)	 (Not Inserted)
2 ,25 , GGL , C , 4 , 16/06/2022 00:00:00 , P2, 	(21-FEB-2025 15:01:17)	 (Not Inserted)
2 ,25 , GGL , C , 4 , 16/06/2022 00:00:00 , P2, 	(21-FEB-2025 15:01:17)	 (Not Inserted)
2 ,25 , GGL , C , 4 , 16/06/2022 00:00:00 , P2, 	(21-FEB-2025 15:01:17)	 (Not Inserted)
2 ,25 , GGL , C , 4 , 16/06/2022 00:00:00 , P2, 	(21-FEB-2025 15:01:17)	 (Not Inserted)
2 ,25 , GGL , C , 13 , 01/05/2022 00:00:00 , B, 	(21-FEB-2025 15:01:17)	 (Not Inserted)
2 ,25 , GGL , C , 3 , 09/12/2019 00:00:00 , B, 	(21-FEB-2025 15:01:17)	 (Not Inserted)
2 ,25 , GGL , C , 15 , 16/05/2023 00:00:00 , B, 	(21-FEB-2025 15:01:17)	 (Not Inserted)
2 ,25 , GGL , C , 7 , 14/04/2021 00:00:00 , B, 	(21-FEB-2025 15:01:17)	 (Not Inserted)
2 ,25 , GGL , C , 1 , 09/12/2019 00:00:00 , B, 	(21-FEB-2025 15:01:17)	 (Not Inserted)
2 ,25 , GGL , C , 2 , 09/12/2019 00:00:00 , B, 	(21-FEB-2025 15:01:17)	 (Not Inserted)
2 ,25 , GGL , C , 8 , 16/06/2023 00:00:00 , P2, 	(21-FEB-2025 15:01:17)	 (Not Inserted)
2 ,25 , GGL , C , 8 , 28/02/2024 00:00:00 , 3, 	(21-FEB-2025 15:01:17)	 (Not Inserted)
2 ,25 , GGL , C , 8 , 16/05/2023 00:00:00 , P1, 	(21-FEB-2025 15:01:17)	 (Not Inserted)
2 ,25 , GGL , C , 7 , 09/12/2019 00:00:00 , B, 	(21-FEB-2025 15:01:17)	 (Not Inserted)
2 ,25 , GGL , C , 8 , 16/06/2022 00:00:00 , P2, 	(21-FEB-2025 15:01:17)	 (Not Inserted)
2 ,25 , GGL , C , 4 , 09/12/2019 00:00:00 , B, 	(21-FEB-2025 15:01:17)	 (Not Inserted)
2 ,25 , GGL , C , 4 , 09/12/2019 00:00:00 , B, 	(21-FEB-2025 15:01:17)	 (Not Inserted)
2 ,25 , GGL , C , 4 , 09/12/2019 00:00:00 , B, 	(21-FEB-2025 15:01:17)	 (Not Inserted)
2 ,25 , GGL , C , 4 , 16/06/2022 00:00:00 , P2, 	(21-FEB-2025 15:01:17)	 (Not Inserted)
2 ,25 , GGL , C , 4 , 16/06/2022 00:00:00 , P2, 	(21-FEB-2025 15:01:17)	 (Not Inserted)
2 ,25 , GGL , C , 4 , 16/06/2022 00:00:00 , P2, 	(21-FEB-2025 15:01:17)	 (Not Inserted)
2 ,25 , GGL , C , 4 , 16/06/2022 00:00:00 , P2, 	(21-FEB-2025 15:01:17)	 (Not Inserted)
2 ,25 , GGL , C , 13 , 01/05/2022 00:00:00 , B, 	(21-FEB-2025 15:01:17)	 (Not Inserted)
2 ,25 , GGL , C , 3 , 09/12/2019 00:00:00 , B, 	(21-FEB-2025 15:01:17)	 (Not Inserted)
2 ,25 , GGL , C , 15 , 16/05/2023 00:00:00 , B, 	(21-FEB-2025 15:01:17)	 (Not Inserted)
2 ,25 , GGL , C , 7 , 14/04/2021 00:00:00 , B, 	(21-FEB-2025 15:01:17)	 (Not Inserted)
2 ,25 , GGL , C , 1 , 09/12/2019 00:00:00 , B, 	(21-FEB-2025 15:01:17)	 (Not Inserted)
2 ,26 , CFC , C , 18 , 01/01/2023 00:00:00 , P1, 	(21-FEB-2025 15:01:17)	 (Not Inserted)
2 ,26 , CFC , C , 18 , 01/01/2023 00:00:00 , P3, 	(21-FEB-2025 15:01:17)	 (Not Inserted)
2 ,26 , CFC , C , 18 , 01/02/2023 00:00:00 , P2, 	(21-FEB-2025 15:01:17)	 (Not Inserted)
2 ,26 , CFC , C , 2 , 01/01/2020 00:00:00 , B, 	(21-FEB-2025 15:01:17)	 (Not Inserted)
2 ,26 , CFC , C , 14 , 01/02/2023 00:00:00 , P1, 	(21-FEB-2025 15:01:17)	 (Not Inserted)
2 ,26 , CFC , C , 13 , 01/02/2023 00:00:00 , B, 	(21-FEB-2025 15:01:17)	 (Not Inserted)
2 ,26 , CFC , C , 10 , 01/02/2023 00:00:00 , P3, 	(21-FEB-2025 15:01:17)	 (Not Inserted)
2 ,26 , CFC , C , 20 , 01/02/2023 00:00:00 , P2, 	(21-FEB-2025 15:01:17)	 (Not Inserted)
2 ,26 , CFC , C , 15 , 01/02/2023 00:00:00 , P1, 	(21-FEB-2025 15:01:17)	 (Not Inserted)
2 ,26 , CFC , C , 17 , 01/02/2023 00:00:00 , P1, 	(21-FEB-2025 15:01:17)	 (Not Inserted)
2 ,26 , CFC , C , 4 , 01/01/2020 00:00:00 , B, 	(21-FEB-2025 15:01:17)	 (Not Inserted)
2 ,26 , CFC , C , 9 , 01/01/2020 00:00:00 , B, 	(21-FEB-2025 15:01:17)	 (Not Inserted)
2 ,26 , CFC , C , 1 , 01/01/2020 00:00:00 , B, 	(21-FEB-2025 15:01:17)	 (Not Inserted)
2 ,26 , CFC , C , 7 , 01/01/2020 00:00:00 , B, 	(21-FEB-2025 15:01:17)	 (Not Inserted)
2 ,26 , CFC , C , 23 , 19/09/2023 00:00:00 , P1, 	(21-FEB-2025 15:01:17)	 (Not Inserted)
2 ,26 , CFC , C , 16 , 01/02/2023 00:00:00 , P1, 	(21-FEB-2025 15:01:17)	 (Not Inserted)
2 ,26 , CFC , C , 6 , 01/01/2020 00:00:00 , B, 	(21-FEB-2025 15:01:17)	 (Not Inserted)
2 ,26 , CFC , C , 5 , 01/01/2020 00:00:00 , B, 	(21-FEB-2025 15:01:17)	 (Not Inserted)
2 ,26 , CFC , C , 12 , 01/02/2023 00:00:00 , P3, 	(21-FEB-2025 15:01:17)	 (Not Inserted)
2 ,26 , CFC , C , 21 , 01/02/2023 00:00:00 , P2, 	(21-FEB-2025 15:01:17)	 (Not Inserted)
2 ,26 , CFC , C , 11 , 01/02/2023 00:00:00 , P3, 	(21-FEB-2025 15:01:17)	 (Not Inserted)
2 ,26 , CFC , C , 3 , 01/01/2020 00:00:00 , B, 	(21-FEB-2025 15:01:17)	 (Not Inserted)
2 ,26 , CFC , C , 8 , 01/01/2020 00:00:00 , B, 	(21-FEB-2025 15:01:17)	 (Not Inserted)
2 ,26 , CFC , C , 18 , 01/01/2023 00:00:00 , P1, 	(21-FEB-2025 15:01:17)	 (Not Inserted)
2 ,26 , CFC , C , 18 , 01/01/2023 00:00:00 , P3, 	(21-FEB-2025 15:01:17)	 (Not Inserted)
2 ,26 , CFC , C , 18 , 01/02/2023 00:00:00 , P2, 	(21-FEB-2025 15:01:17)	 (Not Inserted)
2 ,26 , CFC , C , 2 , 01/01/2020 00:00:00 , B, 	(21-FEB-2025 15:01:17)	 (Not Inserted)
2 ,26 , CFC , C , 14 , 01/02/2023 00:00:00 , P1, 	(21-FEB-2025 15:01:17)	 (Not Inserted)
2 ,26 , CFC , C , 13 , 01/02/2023 00:00:00 , B, 	(21-FEB-2025 15:01:17)	 (Not Inserted)
2 ,26 , CFC , C , 10 , 01/02/2023 00:00:00 , P3, 	(21-FEB-2025 15:01:17)	 (Not Inserted)
2 ,26 , CFC , C , 20 , 01/02/2023 00:00:00 , P2, 	(21-FEB-2025 15:01:17)	 (Not Inserted)
2 ,26 , CFC , C , 15 , 01/02/2023 00:00:00 , P1, 	(21-FEB-2025 15:01:17)	 (Not Inserted)
2 ,26 , CFC , C , 17 , 01/02/2023 00:00:00 , P1, 	(21-FEB-2025 15:01:17)	 (Not Inserted)
2 ,26 , CFC , C , 4 , 01/01/2020 00:00:00 , B, 	(21-FEB-2025 15:01:17)	 (Not Inserted)
2 ,26 , CFC , C , 9 , 01/01/2020 00:00:00 , B, 	(21-FEB-2025 15:01:17)	 (Not Inserted)
2 ,26 , CFC , C , 1 , 01/01/2020 00:00:00 , B, 	(21-FEB-2025 15:01:17)	 (Not Inserted)
2 ,26 , CFC , C , 7 , 01/01/2020 00:00:00 , B, 	(21-FEB-2025 15:01:17)	 (Not Inserted)
2 ,26 , CFC , C , 23 , 19/09/2023 00:00:00 , P1, 	(21-FEB-2025 15:01:17)	 (Not Inserted)
2 ,26 , CFC , C , 16 , 01/02/2023 00:00:00 , P1, 	(21-FEB-2025 15:01:17)	 (Not Inserted)
2 ,26 , CFC , C , 6 , 01/01/2020 00:00:00 , B, 	(21-FEB-2025 15:01:17)	 (Not Inserted)
2 ,26 , CFC , C , 5 , 01/01/2020 00:00:00 , B, 	(21-FEB-2025 15:01:17)	 (Not Inserted)
2 ,26 , CFC , C , 12 , 01/02/2023 00:00:00 , P3, 	(21-FEB-2025 15:01:17)	 (Not Inserted)
2 ,26 , CFC , C , 21 , 01/02/2023 00:00:00 , P2, 	(21-FEB-2025 15:01:17)	 (Not Inserted)
2 ,26 , CFC , C , 11 , 01/02/2023 00:00:00 , P3, 	(21-FEB-2025 15:01:17)	 (Not Inserted)
2 ,26 , CFC , C , 3 , 01/01/2020 00:00:00 , B, 	(21-FEB-2025 15:01:17)	 (Not Inserted)
2 ,26 , CFC , C , 8 , 01/01/2020 00:00:00 , B, 	(21-FEB-2025 15:01:17)	 (Not Inserted)
2 ,27 , IFFCO , C , 12 , 01/01/2020 00:00:00 , B, 	(21-FEB-2025 15:01:17)	 (Not Inserted)
2 ,27 , IFFCO , C , 3 , 01/01/2020 00:00:00 , B, 	(21-FEB-2025 15:01:17)	 (Not Inserted)
2 ,27 , IFFCO , C , 6 , 01/01/2020 00:00:00 , B, 	(21-FEB-2025 15:01:17)	 (Not Inserted)
2 ,27 , IFFCO , C , 1 , 01/01/2020 00:00:00 , B, 	(21-FEB-2025 15:01:17)	 (Not Inserted)
2 ,27 , IFFCO , C , 14 , 01/01/2020 00:00:00 , P3, 	(21-FEB-2025 15:01:17)	 (Not Inserted)
2 ,27 , IFFCO , C , 14 , 01/01/2020 00:00:00 , P3, 	(21-FEB-2025 15:01:17)	 (Not Inserted)
2 ,27 , IFFCO , C , 14 , 01/01/2020 00:00:00 , P3, 	(21-FEB-2025 15:01:17)	 (Not Inserted)
2 ,27 , IFFCO , C , 14 , 01/01/2020 00:00:00 , P3, 	(21-FEB-2025 15:01:17)	 (Not Inserted)
2 ,27 , IFFCO , C , 14 , 01/01/2020 00:00:00 , P3, 	(21-FEB-2025 15:01:17)	 (Not Inserted)
2 ,27 , IFFCO , C , 14 , 01/01/2020 00:00:00 , P3, 	(21-FEB-2025 15:01:17)	 (Not Inserted)
2 ,27 , IFFCO , C , 14 , 01/01/2020 00:00:00 , P3, 	(21-FEB-2025 15:01:17)	 (Not Inserted)
2 ,27 , IFFCO , C , 14 , 01/01/2020 00:00:00 , P3, 	(21-FEB-2025 15:01:17)	 (Not Inserted)
2 ,27 , IFFCO , C , 14 , 01/01/2020 00:00:00 , P3, 	(21-FEB-2025 15:01:17)	 (Not Inserted)
2 ,27 , IFFCO , C , 14 , 01/01/2020 00:00:00 , P3, 	(21-FEB-2025 15:01:17)	 (Not Inserted)
2 ,27 , IFFCO , C , 14 , 01/01/2020 00:00:00 , P3, 	(21-FEB-2025 15:01:17)	 (Not Inserted)
2 ,27 , IFFCO , C , 11 , 01/01/2020 00:00:00 , B, 	(21-FEB-2025 15:01:17)	 (Not Inserted)
2 ,27 , IFFCO , C , 26 , 01/10/2022 00:00:00 , P2, 	(21-FEB-2025 15:01:17)	 (Not Inserted)
2 ,27 , IFFCO , C , 26 , 01/10/2022 00:00:00 , P2, 	(21-FEB-2025 15:01:17)	 (Not Inserted)
2 ,27 , IFFCO , C , 26 , 01/10/2022 00:00:00 , P2, 	(21-FEB-2025 15:01:17)	 (Not Inserted)
2 ,27 , IFFCO , C , 26 , 01/10/2022 00:00:00 , P2, 	(21-FEB-2025 15:01:17)	 (Not Inserted)
2 ,27 , IFFCO , C , 9 , 01/01/2020 00:00:00 , B, 	(21-FEB-2025 15:01:17)	 (Not Inserted)
2 ,27 , IFFCO , C , 9 , 01/01/2020 00:00:00 , B, 	(21-FEB-2025 15:01:17)	 (Not Inserted)
2 ,27 , IFFCO , C , 4 , 01/01/2020 00:00:00 , P1, 	(21-FEB-2025 15:01:17)	 (Not Inserted)
2 ,27 , IFFCO , C , 4 , 01/10/2022 00:00:00 , B, 	(21-FEB-2025 15:01:17)	 (Not Inserted)
2 ,27 , IFFCO , C , 8 , 01/01/2020 00:00:00 , P2, 	(21-FEB-2025 15:01:17)	 (Not Inserted)
2 ,27 , IFFCO , C , 5 , 01/01/2020 00:00:00 , B, 	(21-FEB-2025 15:01:17)	 (Not Inserted)
2 ,27 , IFFCO , C , 7 , 01/01/2020 00:00:00 , P1, 	(21-FEB-2025 15:01:17)	 (Not Inserted)
2 ,27 , IFFCO , C , 25 , 01/10/2022 00:00:00 , B, 	(21-FEB-2025 15:01:17)	 (Not Inserted)
2 ,27 , IFFCO , C , 29 , 01/10/2022 00:00:00 , P2, 	(21-FEB-2025 15:01:17)	 (Not Inserted)
2 ,27 , IFFCO , C , 2 , 01/01/2020 00:00:00 , B, 	(21-FEB-2025 15:01:17)	 (Not Inserted)
2 ,27 , IFFCO , C , 13 , 01/01/2020 00:00:00 , P3, 	(21-FEB-2025 15:01:17)	 (Not Inserted)
2 ,27 , IFFCO , C , 12 , 01/01/2020 00:00:00 , B, 	(21-FEB-2025 15:01:17)	 (Not Inserted)
2 ,27 , IFFCO , C , 3 , 01/01/2020 00:00:00 , B, 	(21-FEB-2025 15:01:17)	 (Not Inserted)
2 ,27 , IFFCO , C , 6 , 01/01/2020 00:00:00 , B, 	(21-FEB-2025 15:01:17)	 (Not Inserted)
2 ,27 , IFFCO , C , 1 , 01/01/2020 00:00:00 , B, 	(21-FEB-2025 15:01:17)	 (Not Inserted)
2 ,27 , IFFCO , C , 14 , 01/01/2020 00:00:00 , P3, 	(21-FEB-2025 15:01:17)	 (Not Inserted)
2 ,27 , IFFCO , C , 14 , 01/01/2020 00:00:00 , P3, 	(21-FEB-2025 15:01:17)	 (Not Inserted)
2 ,27 , IFFCO , C , 14 , 01/01/2020 00:00:00 , P3, 	(21-FEB-2025 15:01:17)	 (Not Inserted)
2 ,27 , IFFCO , C , 14 , 01/01/2020 00:00:00 , P3, 	(21-FEB-2025 15:01:17)	 (Not Inserted)
2 ,27 , IFFCO , C , 14 , 01/01/2020 00:00:00 , P3, 	(21-FEB-2025 15:01:17)	 (Not Inserted)
2 ,27 , IFFCO , C , 14 , 01/01/2020 00:00:00 , P3, 	(21-FEB-2025 15:01:17)	 (Not Inserted)
2 ,27 , IFFCO , C , 14 , 01/01/2020 00:00:00 , P3, 	(21-FEB-2025 15:01:17)	 (Not Inserted)
2 ,27 , IFFCO , C , 14 , 01/01/2020 00:00:00 , P3, 	(21-FEB-2025 15:01:17)	 (Not Inserted)
2 ,27 , IFFCO , C , 14 , 01/01/2020 00:00:00 , P3, 	(21-FEB-2025 15:01:17)	 (Not Inserted)
2 ,27 , IFFCO , C , 14 , 01/01/2020 00:00:00 , P3, 	(21-FEB-2025 15:01:17)	 (Not Inserted)
2 ,27 , IFFCO , C , 14 , 01/01/2020 00:00:00 , P3, 	(21-FEB-2025 15:01:17)	 (Not Inserted)
2 ,27 , IFFCO , C , 11 , 01/01/2020 00:00:00 , B, 	(21-FEB-2025 15:01:17)	 (Not Inserted)
2 ,27 , IFFCO , C , 26 , 01/10/2022 00:00:00 , P2, 	(21-FEB-2025 15:01:17)	 (Not Inserted)
2 ,27 , IFFCO , C , 26 , 01/10/2022 00:00:00 , P2, 	(21-FEB-2025 15:01:17)	 (Not Inserted)
2 ,27 , IFFCO , C , 26 , 01/10/2022 00:00:00 , P2, 	(21-FEB-2025 15:01:17)	 (Not Inserted)
2 ,27 , IFFCO , C , 26 , 01/10/2022 00:00:00 , P2, 	(21-FEB-2025 15:01:17)	 (Not Inserted)
2 ,27 , IFFCO , C , 9 , 01/01/2020 00:00:00 , B, 	(21-FEB-2025 15:01:17)	 (Not Inserted)
2 ,27 , IFFCO , C , 9 , 01/01/2020 00:00:00 , B, 	(21-FEB-2025 15:01:17)	 (Not Inserted)
2 ,27 , IFFCO , C , 4 , 01/01/2020 00:00:00 , P1, 	(21-FEB-2025 15:01:17)	 (Not Inserted)
2 ,27 , IFFCO , C , 4 , 01/10/2022 00:00:00 , B, 	(21-FEB-2025 15:01:17)	 (Not Inserted)
2 ,27 , IFFCO , C , 8 , 01/01/2020 00:00:00 , P2, 	(21-FEB-2025 15:01:17)	 (Not Inserted)
2 ,27 , IFFCO , C , 5 , 01/01/2020 00:00:00 , B, 	(21-FEB-2025 15:01:17)	 (Not Inserted)
2 ,27 , IFFCO , C , 7 , 01/01/2020 00:00:00 , P1, 	(21-FEB-2025 15:01:17)	 (Not Inserted)
2 ,27 , IFFCO , C , 25 , 01/10/2022 00:00:00 , B, 	(21-FEB-2025 15:01:17)	 (Not Inserted)
2 ,27 , IFFCO , C , 29 , 01/10/2022 00:00:00 , P2, 	(21-FEB-2025 15:01:17)	 (Not Inserted)
2 ,27 , IFFCO , C , 2 , 01/01/2020 00:00:00 , B, 	(21-FEB-2025 15:01:17)	 (Not Inserted)
2 ,27 , IFFCO , C , 13 , 01/01/2020 00:00:00 , P3, 	(21-FEB-2025 15:01:17)	 (Not Inserted)
2 ,28 , HGL-RLNG , C , 3 , 15/11/2021 00:00:00 , P1, 	(21-FEB-2025 15:01:17)	 (Not Inserted)
2 ,28 , HGL-RLNG , C , 1 , 01/02/2020 00:00:00 , P1, 	(21-FEB-2025 15:01:17)	 (Not Inserted)
2 ,28 , HGL-RLNG , C , 2 , 01/02/2020 00:00:00 , P1, 	(21-FEB-2025 15:01:17)	 (Not Inserted)
2 ,28 , HGL-RLNG , C , 3 , 15/11/2021 00:00:00 , P1, 	(21-FEB-2025 15:01:17)	 (Not Inserted)
2 ,28 , HGL-RLNG , C , 1 , 01/02/2020 00:00:00 , P1, 	(21-FEB-2025 15:01:17)	 (Not Inserted)
2 ,28 , HGL-RLNG , C , 2 , 01/02/2020 00:00:00 , P1, 	(21-FEB-2025 15:01:17)	 (Not Inserted)
2 ,29 , PipeInfra , C , 9 , 01/01/2020 00:00:00 , P6, 	(21-FEB-2025 15:01:17)	 (Not Inserted)
2 ,29 , PipeInfra , C , 9 , 01/01/2020 00:00:00 , P6, 	(21-FEB-2025 15:01:17)	 (Not Inserted)
2 ,29 , PipeInfra , C , 13 , 01/01/2020 00:00:00 , P7, 	(21-FEB-2025 15:01:17)	 (Not Inserted)
2 ,29 , PipeInfra , C , 13 , 01/01/2020 00:00:00 , P7, 	(21-FEB-2025 15:01:17)	 (Not Inserted)
2 ,29 , PipeInfra , C , 10 , 01/01/2020 00:00:00 , P8, 	(21-FEB-2025 15:01:17)	 (Not Inserted)
2 ,29 , PipeInfra , C , 10 , 01/01/2020 00:00:00 , P8, 	(21-FEB-2025 15:01:17)	 (Not Inserted)
2 ,29 , PipeInfra , C , 11 , 01/01/2020 00:00:00 , P9, 	(21-FEB-2025 15:01:17)	 (Not Inserted)
2 ,29 , PipeInfra , C , 11 , 01/01/2020 00:00:00 , P9, 	(21-FEB-2025 15:01:17)	 (Not Inserted)
2 ,29 , PipeInfra , C , 12 , 01/01/2020 00:00:00 , P10, 	(21-FEB-2025 15:01:17)	 (Not Inserted)
2 ,29 , PipeInfra , C , 12 , 01/01/2020 00:00:00 , P10, 	(21-FEB-2025 15:01:17)	 (Not Inserted)
2 ,29 , PipeInfra , C , 1 , 01/01/2020 00:00:00 , P1, 	(21-FEB-2025 15:01:17)	 (Not Inserted)
2 ,29 , PipeInfra , C , 1 , 01/01/2020 00:00:00 , P1, 	(21-FEB-2025 15:01:17)	 (Not Inserted)
2 ,29 , PipeInfra , C , 1 , 01/01/2020 00:00:00 , P2, 	(21-FEB-2025 15:01:17)	 (Not Inserted)
2 ,29 , PipeInfra , C , 1 , 01/01/2020 00:00:00 , P2, 	(21-FEB-2025 15:01:17)	 (Not Inserted)
2 ,29 , PipeInfra , C , 1 , 01/01/2020 00:00:00 , P3, 	(21-FEB-2025 15:01:17)	 (Not Inserted)
2 ,29 , PipeInfra , C , 1 , 01/01/2020 00:00:00 , P3, 	(21-FEB-2025 15:01:17)	 (Not Inserted)
2 ,29 , PipeInfra , C , 1 , 01/01/2020 00:00:00 , P4, 	(21-FEB-2025 15:01:17)	 (Not Inserted)
2 ,29 , PipeInfra , C , 1 , 01/01/2020 00:00:00 , P4, 	(21-FEB-2025 15:01:17)	 (Not Inserted)
2 ,29 , PipeInfra , C , 1 , 01/01/2020 00:00:00 , P5, 	(21-FEB-2025 15:01:17)	 (Not Inserted)
2 ,29 , PipeInfra , C , 1 , 01/01/2020 00:00:00 , P5, 	(21-FEB-2025 15:01:17)	 (Not Inserted)
2 ,29 , PipeInfra , C , 1 , 01/01/2020 00:00:00 , P10, 	(21-FEB-2025 15:01:17)	 (Not Inserted)
2 ,29 , PipeInfra , C , 1 , 01/01/2020 00:00:00 , P10, 	(21-FEB-2025 15:01:17)	 (Not Inserted)
2 ,29 , PipeInfra , C , 1 , 01/01/2020 00:00:00 , P11, 	(21-FEB-2025 15:01:17)	 (Not Inserted)
2 ,29 , PipeInfra , C , 1 , 01/01/2020 00:00:00 , P11, 	(21-FEB-2025 15:01:17)	 (Not Inserted)
2 ,29 , PipeInfra , C , 1 , 01/01/2020 00:00:00 , B, 	(21-FEB-2025 15:01:17)	 (Not Inserted)
2 ,29 , PipeInfra , C , 1 , 01/01/2020 00:00:00 , B, 	(21-FEB-2025 15:01:17)	 (Not Inserted)
2 ,29 , PipeInfra , C , 9 , 01/01/2020 00:00:00 , P6, 	(21-FEB-2025 15:01:17)	 (Not Inserted)
2 ,29 , PipeInfra , C , 9 , 01/01/2020 00:00:00 , P6, 	(21-FEB-2025 15:01:17)	 (Not Inserted)
2 ,29 , PipeInfra , C , 13 , 01/01/2020 00:00:00 , P7, 	(21-FEB-2025 15:01:17)	 (Not Inserted)
2 ,29 , PipeInfra , C , 13 , 01/01/2020 00:00:00 , P7, 	(21-FEB-2025 15:01:17)	 (Not Inserted)
2 ,29 , PipeInfra , C , 10 , 01/01/2020 00:00:00 , P8, 	(21-FEB-2025 15:01:17)	 (Not Inserted)
2 ,29 , PipeInfra , C , 10 , 01/01/2020 00:00:00 , P8, 	(21-FEB-2025 15:01:17)	 (Not Inserted)
2 ,29 , PipeInfra , C , 11 , 01/01/2020 00:00:00 , P9, 	(21-FEB-2025 15:01:17)	 (Not Inserted)
2 ,29 , PipeInfra , C , 11 , 01/01/2020 00:00:00 , P9, 	(21-FEB-2025 15:01:17)	 (Not Inserted)
2 ,29 , PipeInfra , C , 12 , 01/01/2020 00:00:00 , P10, 	(21-FEB-2025 15:01:17)	 (Not Inserted)
2 ,29 , PipeInfra , C , 12 , 01/01/2020 00:00:00 , P10, 	(21-FEB-2025 15:01:17)	 (Not Inserted)
2 ,29 , PipeInfra , C , 1 , 01/01/2020 00:00:00 , P1, 	(21-FEB-2025 15:01:17)	 (Not Inserted)
2 ,29 , PipeInfra , C , 1 , 01/01/2020 00:00:00 , P1, 	(21-FEB-2025 15:01:17)	 (Not Inserted)
2 ,29 , PipeInfra , C , 1 , 01/01/2020 00:00:00 , P2, 	(21-FEB-2025 15:01:17)	 (Not Inserted)
2 ,29 , PipeInfra , C , 1 , 01/01/2020 00:00:00 , P2, 	(21-FEB-2025 15:01:17)	 (Not Inserted)
2 ,29 , PipeInfra , C , 1 , 01/01/2020 00:00:00 , P3, 	(21-FEB-2025 15:01:17)	 (Not Inserted)
2 ,29 , PipeInfra , C , 1 , 01/01/2020 00:00:00 , P3, 	(21-FEB-2025 15:01:17)	 (Not Inserted)
2 ,29 , PipeInfra , C , 1 , 01/01/2020 00:00:00 , P4, 	(21-FEB-2025 15:01:17)	 (Not Inserted)
2 ,29 , PipeInfra , C , 1 , 01/01/2020 00:00:00 , P4, 	(21-FEB-2025 15:01:17)	 (Not Inserted)
2 ,29 , PipeInfra , C , 1 , 01/01/2020 00:00:00 , P5, 	(21-FEB-2025 15:01:17)	 (Not Inserted)
2 ,29 , PipeInfra , C , 1 , 01/01/2020 00:00:00 , P5, 	(21-FEB-2025 15:01:17)	 (Not Inserted)
2 ,29 , PipeInfra , C , 1 , 01/01/2020 00:00:00 , P10, 	(21-FEB-2025 15:01:17)	 (Not Inserted)
2 ,29 , PipeInfra , C , 1 , 01/01/2020 00:00:00 , P10, 	(21-FEB-2025 15:01:17)	 (Not Inserted)
2 ,29 , PipeInfra , C , 1 , 01/01/2020 00:00:00 , P11, 	(21-FEB-2025 15:01:17)	 (Not Inserted)
2 ,29 , PipeInfra , C , 1 , 01/01/2020 00:00:00 , P11, 	(21-FEB-2025 15:01:17)	 (Not Inserted)
2 ,29 , PipeInfra , C , 1 , 01/01/2020 00:00:00 , B, 	(21-FEB-2025 15:01:17)	 (Not Inserted)
2 ,29 , PipeInfra , C , 1 , 01/01/2020 00:00:00 , B, 	(21-FEB-2025 15:01:17)	 (Not Inserted)
2 ,29 , PipeInfra , R , 1 , 18/04/2024 00:00:00 , R, 	(21-FEB-2025 15:01:17)	 (Not Inserted)
2 ,29 , PipeInfra , R , 4 , 01/05/2024 00:00:00 , R, 	(21-FEB-2025 15:01:17)	 (Not Inserted)
2 ,29 , PipeInfra , R , 2 , 18/04/2024 00:00:00 , R, 	(21-FEB-2025 15:01:17)	 (Not Inserted)
2 ,29 , PipeInfra , R , 8 , 19/07/2024 00:00:00 , R, 	(21-FEB-2025 15:01:17)	 (Not Inserted)
2 ,29 , PipeInfra , R , 3 , 23/04/2024 00:00:00 , R, 	(21-FEB-2025 15:01:17)	 (Not Inserted)
2 ,29 , PipeInfra , R , 5 , 19/07/2024 00:00:00 , R, 	(21-FEB-2025 15:01:17)	 (Not Inserted)
2 ,29 , PipeInfra , R , 6 , 19/07/2024 00:00:00 , R, 	(21-FEB-2025 15:01:17)	 (Not Inserted)
2 ,29 , PipeInfra , R , 7 , 19/07/2024 00:00:00 , R, 	(21-FEB-2025 15:01:17)	 (Not Inserted)
2 ,29 , PipeInfra , R , 1 , 18/04/2024 00:00:00 , R, 	(21-FEB-2025 15:01:17)	 (Not Inserted)
2 ,29 , PipeInfra , R , 4 , 01/05/2024 00:00:00 , R, 	(21-FEB-2025 15:01:17)	 (Not Inserted)
2 ,29 , PipeInfra , R , 2 , 18/04/2024 00:00:00 , R, 	(21-FEB-2025 15:01:17)	 (Not Inserted)
2 ,29 , PipeInfra , R , 8 , 19/07/2024 00:00:00 , R, 	(21-FEB-2025 15:01:17)	 (Not Inserted)
2 ,29 , PipeInfra , R , 3 , 23/04/2024 00:00:00 , R, 	(21-FEB-2025 15:01:17)	 (Not Inserted)
2 ,29 , PipeInfra , R , 5 , 19/07/2024 00:00:00 , R, 	(21-FEB-2025 15:01:17)	 (Not Inserted)
2 ,29 , PipeInfra , R , 6 , 19/07/2024 00:00:00 , R, 	(21-FEB-2025 15:01:17)	 (Not Inserted)
2 ,29 , PipeInfra , R , 7 , 19/07/2024 00:00:00 , R, 	(21-FEB-2025 15:01:17)	 (Not Inserted)
2 ,30 , NFL , C , 5 , 01/03/2023 00:00:00 , P3, 	(21-FEB-2025 15:01:17)	 (Not Inserted)
2 ,30 , NFL , C , 2 , 01/05/2020 00:00:00 , P1, 	(21-FEB-2025 15:01:17)	 (Not Inserted)
2 ,30 , NFL , C , 3 , 01/01/2021 00:00:00 , P2, 	(21-FEB-2025 15:01:17)	 (Not Inserted)
2 ,30 , NFL , C , 7 , 01/03/2023 00:00:00 , P3, 	(21-FEB-2025 15:01:17)	 (Not Inserted)
2 ,30 , NFL , C , 6 , 01/03/2023 00:00:00 , P3, 	(21-FEB-2025 15:01:17)	 (Not Inserted)
2 ,30 , NFL , C , 4 , 01/01/2023 00:00:00 , P2, 	(21-FEB-2025 15:01:17)	 (Not Inserted)
2 ,30 , NFL , C , 1 , 01/05/2020 00:00:00 , P1, 	(21-FEB-2025 15:01:17)	 (Not Inserted)
2 ,30 , NFL , C , 5 , 01/03/2023 00:00:00 , P3, 	(21-FEB-2025 15:01:17)	 (Not Inserted)
2 ,30 , NFL , C , 2 , 01/05/2020 00:00:00 , P1, 	(21-FEB-2025 15:01:17)	 (Not Inserted)
2 ,30 , NFL , C , 3 , 01/01/2021 00:00:00 , P2, 	(21-FEB-2025 15:01:17)	 (Not Inserted)
2 ,30 , NFL , C , 7 , 01/03/2023 00:00:00 , P3, 	(21-FEB-2025 15:01:17)	 (Not Inserted)
2 ,30 , NFL , C , 6 , 01/03/2023 00:00:00 , P3, 	(21-FEB-2025 15:01:17)	 (Not Inserted)
2 ,30 , NFL , C , 4 , 01/01/2023 00:00:00 , P2, 	(21-FEB-2025 15:01:17)	 (Not Inserted)
2 ,30 , NFL , C , 1 , 01/05/2020 00:00:00 , P1, 	(21-FEB-2025 15:01:17)	 (Not Inserted)
2 ,31 , HSIL , C , 1 , 01/05/2020 00:00:00 , P1, 	(21-FEB-2025 15:01:17)	 (Not Inserted)
2 ,31 , HSIL , C , 3 , 01/05/2020 00:00:00 , P1, 	(21-FEB-2025 15:01:17)	 (Not Inserted)
2 ,31 , HSIL , C , 3 , 01/05/2020 00:00:00 , P1, 	(21-FEB-2025 15:01:17)	 (Not Inserted)
2 ,31 , HSIL , C , 3 , 01/05/2020 00:00:00 , P1, 	(21-FEB-2025 15:01:17)	 (Not Inserted)
2 ,31 , HSIL , C , 2 , 01/05/2020 00:00:00 , P1, 	(21-FEB-2025 15:01:17)	 (Not Inserted)
2 ,31 , HSIL , C , 1 , 01/05/2020 00:00:00 , P1, 	(21-FEB-2025 15:01:17)	 (Not Inserted)
2 ,31 , HSIL , C , 3 , 01/05/2020 00:00:00 , P1, 	(21-FEB-2025 15:01:17)	 (Not Inserted)
2 ,31 , HSIL , C , 3 , 01/05/2020 00:00:00 , P1, 	(21-FEB-2025 15:01:17)	 (Not Inserted)
2 ,31 , HSIL , C , 3 , 01/05/2020 00:00:00 , P1, 	(21-FEB-2025 15:01:17)	 (Not Inserted)
2 ,31 , HSIL , C , 2 , 01/05/2020 00:00:00 , P1, 	(21-FEB-2025 15:01:17)	 (Not Inserted)
2 ,32 , KFL , C , 3 , 23/07/2020 00:00:00 , B, 	(21-FEB-2025 15:01:17)	 (Not Inserted)
2 ,32 , KFL , C , 4 , 23/07/2020 00:00:00 , B, 	(21-FEB-2025 15:01:17)	 (Not Inserted)
2 ,32 , KFL , C , 9 , 29/12/2020 00:00:00 , B, 	(21-FEB-2025 15:01:17)	 (Not Inserted)
2 ,32 , KFL , C , 8 , 29/12/2020 00:00:00 , B, 	(21-FEB-2025 15:01:17)	 (Not Inserted)
2 ,32 , KFL , C , 5 , 23/07/2020 00:00:00 , B, 	(21-FEB-2025 15:01:17)	 (Not Inserted)
2 ,32 , KFL , C , 11 , 29/12/2020 00:00:00 , B, 	(21-FEB-2025 15:01:17)	 (Not Inserted)
2 ,32 , KFL , C , 11 , 29/12/2020 00:00:00 , B, 	(21-FEB-2025 15:01:17)	 (Not Inserted)
2 ,32 , KFL , C , 11 , 29/12/2020 00:00:00 , B, 	(21-FEB-2025 15:01:17)	 (Not Inserted)
2 ,32 , KFL , C , 7 , 29/12/2020 00:00:00 , B, 	(21-FEB-2025 15:01:17)	 (Not Inserted)
2 ,32 , KFL , C , 6 , 29/12/2020 00:00:00 , B, 	(21-FEB-2025 15:01:17)	 (Not Inserted)
2 ,32 , KFL , C , 10 , 29/12/2020 00:00:00 , B, 	(21-FEB-2025 15:01:17)	 (Not Inserted)
2 ,32 , KFL , C , 2 , 23/07/2020 00:00:00 , B, 	(21-FEB-2025 15:01:17)	 (Not Inserted)
2 ,32 , KFL , C , 1 , 23/07/2020 00:00:00 , B, 	(21-FEB-2025 15:01:17)	 (Not Inserted)
2 ,32 , KFL , C , 3 , 23/07/2020 00:00:00 , B, 	(21-FEB-2025 15:01:18)	 (Not Inserted)
2 ,32 , KFL , C , 4 , 23/07/2020 00:00:00 , B, 	(21-FEB-2025 15:01:18)	 (Not Inserted)
2 ,32 , KFL , C , 9 , 29/12/2020 00:00:00 , B, 	(21-FEB-2025 15:01:18)	 (Not Inserted)
2 ,32 , KFL , C , 8 , 29/12/2020 00:00:00 , B, 	(21-FEB-2025 15:01:18)	 (Not Inserted)
2 ,32 , KFL , C , 5 , 23/07/2020 00:00:00 , B, 	(21-FEB-2025 15:01:18)	 (Not Inserted)
2 ,32 , KFL , C , 11 , 29/12/2020 00:00:00 , B, 	(21-FEB-2025 15:01:18)	 (Not Inserted)
2 ,32 , KFL , C , 11 , 29/12/2020 00:00:00 , B, 	(21-FEB-2025 15:01:18)	 (Not Inserted)
2 ,32 , KFL , C , 11 , 29/12/2020 00:00:00 , B, 	(21-FEB-2025 15:01:18)	 (Not Inserted)
2 ,32 , KFL , C , 7 , 29/12/2020 00:00:00 , B, 	(21-FEB-2025 15:01:18)	 (Not Inserted)
2 ,32 , KFL , C , 6 , 29/12/2020 00:00:00 , B, 	(21-FEB-2025 15:01:18)	 (Not Inserted)
2 ,32 , KFL , C , 10 , 29/12/2020 00:00:00 , B, 	(21-FEB-2025 15:01:18)	 (Not Inserted)
2 ,32 , KFL , C , 2 , 23/07/2020 00:00:00 , B, 	(21-FEB-2025 15:01:18)	 (Not Inserted)
2 ,32 , KFL , C , 1 , 23/07/2020 00:00:00 , B, 	(21-FEB-2025 15:01:18)	 (Not Inserted)
2 ,197 , BIL , C , 3 , 01/01/2024 00:00:00 , P1, 	(21-FEB-2025 15:01:18)	 (Not Inserted)
2 ,197 , BIL , C , 7 , 25/06/2020 00:00:00 , P1, 	(21-FEB-2025 15:01:18)	 (Not Inserted)
2 ,197 , BIL , C , 2 , 25/06/2020 00:00:00 , P1, 	(21-FEB-2025 15:01:18)	 (Not Inserted)
2 ,197 , BIL , C , 6 , 25/06/2020 00:00:00 , P1, 	(21-FEB-2025 15:01:18)	 (Not Inserted)
2 ,197 , BIL , C , 1 , 25/06/2020 00:00:00 , P1, 	(21-FEB-2025 15:01:18)	 (Not Inserted)
2 ,197 , BIL , C , 4 , 13/01/2024 00:00:00 , P1, 	(21-FEB-2025 15:01:18)	 (Not Inserted)
2 ,197 , BIL , C , 3 , 25/06/2020 00:00:00 , P1, 	(21-FEB-2025 15:01:18)	 (Not Inserted)
2 ,197 , BIL , C , 3 , 25/06/2020 00:00:00 , P1, 	(21-FEB-2025 15:01:18)	 (Not Inserted)
2 ,197 , BIL , C , 3 , 25/06/2020 00:00:00 , P1, 	(21-FEB-2025 15:01:18)	 (Not Inserted)
2 ,197 , BIL , C , 8 , 25/05/2021 00:00:00 , P1, 	(21-FEB-2025 15:01:18)	 (Not Inserted)
2 ,197 , BIL , C , 8 , 25/05/2021 00:00:00 , P1, 	(21-FEB-2025 15:01:18)	 (Not Inserted)
2 ,197 , BIL , C , 8 , 25/05/2021 00:00:00 , P1, 	(21-FEB-2025 15:01:18)	 (Not Inserted)
2 ,197 , BIL , C , 11 , 16/07/2021 00:00:00 , P1, 	(21-FEB-2025 15:01:18)	 (Not Inserted)
2 ,197 , BIL , C , 11 , 16/07/2021 00:00:00 , P1, 	(21-FEB-2025 15:01:18)	 (Not Inserted)
2 ,197 , BIL , C , 11 , 16/07/2021 00:00:00 , P1, 	(21-FEB-2025 15:01:18)	 (Not Inserted)
2 ,197 , BIL , C , 11 , 10/09/2021 00:00:00 , P1, 	(21-FEB-2025 15:01:18)	 (Not Inserted)
2 ,197 , BIL , C , 3 , 01/01/2024 00:00:00 , P1, 	(21-FEB-2025 15:01:18)	 (Not Inserted)
2 ,197 , BIL , C , 7 , 25/06/2020 00:00:00 , P1, 	(21-FEB-2025 15:01:18)	 (Not Inserted)
2 ,197 , BIL , C , 2 , 25/06/2020 00:00:00 , P1, 	(21-FEB-2025 15:01:18)	 (Not Inserted)
2 ,197 , BIL , C , 6 , 25/06/2020 00:00:00 , P1, 	(21-FEB-2025 15:01:18)	 (Not Inserted)
2 ,197 , BIL , C , 1 , 25/06/2020 00:00:00 , P1, 	(21-FEB-2025 15:01:18)	 (Not Inserted)
2 ,197 , BIL , C , 4 , 13/01/2024 00:00:00 , P1, 	(21-FEB-2025 15:01:18)	 (Not Inserted)
2 ,197 , BIL , C , 3 , 25/06/2020 00:00:00 , P1, 	(21-FEB-2025 15:01:18)	 (Not Inserted)
2 ,197 , BIL , C , 3 , 25/06/2020 00:00:00 , P1, 	(21-FEB-2025 15:01:18)	 (Not Inserted)
2 ,197 , BIL , C , 3 , 25/06/2020 00:00:00 , P1, 	(21-FEB-2025 15:01:18)	 (Not Inserted)
2 ,197 , BIL , C , 8 , 25/05/2021 00:00:00 , P1, 	(21-FEB-2025 15:01:18)	 (Not Inserted)
2 ,197 , BIL , C , 8 , 25/05/2021 00:00:00 , P1, 	(21-FEB-2025 15:01:18)	 (Not Inserted)
2 ,197 , BIL , C , 8 , 25/05/2021 00:00:00 , P1, 	(21-FEB-2025 15:01:18)	 (Not Inserted)
2 ,197 , BIL , C , 11 , 16/07/2021 00:00:00 , P1, 	(21-FEB-2025 15:01:18)	 (Not Inserted)
2 ,197 , BIL , C , 11 , 16/07/2021 00:00:00 , P1, 	(21-FEB-2025 15:01:18)	 (Not Inserted)
2 ,197 , BIL , C , 11 , 16/07/2021 00:00:00 , P1, 	(21-FEB-2025 15:01:18)	 (Not Inserted)
2 ,197 , BIL , C , 11 , 10/09/2021 00:00:00 , P1, 	(21-FEB-2025 15:01:18)	 (Not Inserted)
2 ,254 , RIPL , C , 1 , 19/11/2020 00:00:00 , P1, 	(21-FEB-2025 15:01:18)	 (Not Inserted)
2 ,254 , RIPL , C , 5 , 24/04/2021 00:00:00 , P1, 	(21-FEB-2025 15:01:18)	 (Not Inserted)
2 ,254 , RIPL , C , 2 , 19/11/2020 00:00:00 , P1, 	(21-FEB-2025 15:01:18)	 (Not Inserted)
2 ,254 , RIPL , C , 2 , 19/11/2020 00:00:00 , P1, 	(21-FEB-2025 15:01:18)	 (Not Inserted)
2 ,254 , RIPL , C , 2 , 19/11/2020 00:00:00 , P1, 	(21-FEB-2025 15:01:18)	 (Not Inserted)
2 ,254 , RIPL , C , 1 , 19/11/2020 00:00:00 , P1, 	(21-FEB-2025 15:01:18)	 (Not Inserted)
2 ,254 , RIPL , C , 5 , 24/04/2021 00:00:00 , P1, 	(21-FEB-2025 15:01:18)	 (Not Inserted)
2 ,254 , RIPL , C , 2 , 19/11/2020 00:00:00 , P1, 	(21-FEB-2025 15:01:18)	 (Not Inserted)
2 ,254 , RIPL , C , 2 , 19/11/2020 00:00:00 , P1, 	(21-FEB-2025 15:01:18)	 (Not Inserted)
2 ,254 , RIPL , C , 2 , 19/11/2020 00:00:00 , P1, 	(21-FEB-2025 15:01:18)	 (Not Inserted)
2 ,207 , CP , C , 1 , 15/10/2020 00:00:00 , B, 	(21-FEB-2025 15:01:18)	 (Not Inserted)
2 ,207 , CP , C , 2 , 15/10/2020 00:00:00 , B, 	(21-FEB-2025 15:01:18)	 (Not Inserted)
2 ,207 , CP , C , 3 , 15/10/2020 00:00:00 , P1, 	(21-FEB-2025 15:01:18)	 (Not Inserted)
2 ,207 , CP , C , 4 , 15/10/2020 00:00:00 , P1, 	(21-FEB-2025 15:01:18)	 (Not Inserted)
2 ,207 , CP , C , 5 , 01/04/2021 00:00:00 , P1, 	(21-FEB-2025 15:01:18)	 (Not Inserted)
2 ,207 , CP , C , 1 , 15/10/2020 00:00:00 , B, 	(21-FEB-2025 15:01:18)	 (Not Inserted)
2 ,207 , CP , C , 2 , 15/10/2020 00:00:00 , B, 	(21-FEB-2025 15:01:18)	 (Not Inserted)
2 ,207 , CP , C , 3 , 15/10/2020 00:00:00 , P1, 	(21-FEB-2025 15:01:18)	 (Not Inserted)
2 ,207 , CP , C , 4 , 15/10/2020 00:00:00 , P1, 	(21-FEB-2025 15:01:18)	 (Not Inserted)
2 ,207 , CP , C , 5 , 01/04/2021 00:00:00 , P1, 	(21-FEB-2025 15:01:18)	 (Not Inserted)
2 , , HHFG DLNG , C , 4 , 01/01/2021 00:00:00 , P1, 	(21-FEB-2025 15:01:18)	 (Not Inserted)
2 , , HHFG DLNG , C , 1 , 06/01/2022 00:00:00 , B, 	(21-FEB-2025 15:01:18)	 (Not Inserted)
2 , , HHFG DLNG , C , 3 , 01/01/2021 00:00:00 , B, 	(21-FEB-2025 15:01:18)	 (Not Inserted)
2 , , HHFG DLNG , C , 8 , 12/07/2021 00:00:00 , B, 	(21-FEB-2025 15:01:18)	 (Not Inserted)
2 , , HHFG DLNG , C , 1 , 01/01/2021 00:00:00 , B, 	(21-FEB-2025 15:01:18)	 (Not Inserted)
2 , , HHFG DLNG , C , 1 , 12/07/2021 00:00:00 , B, 	(21-FEB-2025 15:01:18)	 (Not Inserted)
2 , , HHFG DLNG , C , 2 , 01/01/2021 00:00:00 , B, 	(21-FEB-2025 15:01:18)	 (Not Inserted)
2 , , HHFG DLNG , C , 7 , 01/01/2021 00:00:00 , B, 	(21-FEB-2025 15:01:18)	 (Not Inserted)
2 , , HHFG DLNG , C , 5 , 01/01/2021 00:00:00 , B, 	(21-FEB-2025 15:01:18)	 (Not Inserted)
2 , , HHFG DLNG , C , 8 , 16/03/2023 00:00:00 , B, 	(21-FEB-2025 15:01:18)	 (Not Inserted)
2 , , HHFG DLNG , C , 6 , 01/01/2021 00:00:00 , B, 	(21-FEB-2025 15:01:18)	 (Not Inserted)
2 , , HHFG DLNG , C , 10 , 24/09/2023 00:00:00 , B, 	(21-FEB-2025 15:01:18)	 (Not Inserted)
2 , , HHFG DLNG , C , 11 , 24/09/2023 00:00:00 , B, 	(21-FEB-2025 15:01:18)	 (Not Inserted)
2 , , HHFG DLNG , C , 9 , 24/09/2023 00:00:00 , B, 	(21-FEB-2025 15:01:18)	 (Not Inserted)
2 , , HHFG DLNG , C , 4 , 01/01/2021 00:00:00 , P1, 	(21-FEB-2025 15:01:18)	 (Not Inserted)
2 , , HHFG DLNG , C , 1 , 06/01/2022 00:00:00 , B, 	(21-FEB-2025 15:01:18)	 (Not Inserted)
2 , , HHFG DLNG , C , 3 , 01/01/2021 00:00:00 , B, 	(21-FEB-2025 15:01:18)	 (Not Inserted)
2 , , HHFG DLNG , C , 8 , 12/07/2021 00:00:00 , B, 	(21-FEB-2025 15:01:18)	 (Not Inserted)
2 , , HHFG DLNG , C , 1 , 01/01/2021 00:00:00 , B, 	(21-FEB-2025 15:01:18)	 (Not Inserted)
2 , , HHFG DLNG , C , 1 , 12/07/2021 00:00:00 , B, 	(21-FEB-2025 15:01:18)	 (Not Inserted)
2 , , HHFG DLNG , C , 2 , 01/01/2021 00:00:00 , B, 	(21-FEB-2025 15:01:18)	 (Not Inserted)
2 , , HHFG DLNG , C , 7 , 01/01/2021 00:00:00 , B, 	(21-FEB-2025 15:01:18)	 (Not Inserted)
2 , , HHFG DLNG , C , 5 , 01/01/2021 00:00:00 , B, 	(21-FEB-2025 15:01:18)	 (Not Inserted)
2 , , HHFG DLNG , C , 8 , 16/03/2023 00:00:00 , B, 	(21-FEB-2025 15:01:18)	 (Not Inserted)
2 , , HHFG DLNG , C , 6 , 01/01/2021 00:00:00 , B, 	(21-FEB-2025 15:01:18)	 (Not Inserted)
2 , , HHFG DLNG , C , 10 , 24/09/2023 00:00:00 , B, 	(21-FEB-2025 15:01:18)	 (Not Inserted)
2 , , HHFG DLNG , C , 11 , 24/09/2023 00:00:00 , B, 	(21-FEB-2025 15:01:18)	 (Not Inserted)
2 , , HHFG DLNG , C , 9 , 24/09/2023 00:00:00 , B, 	(21-FEB-2025 15:01:18)	 (Not Inserted)
2 ,187 , VIDUWIL , C , 1 , 01/01/2021 00:00:00 , B, 	(21-FEB-2025 15:01:18)	 (Not Inserted)
2 ,187 , VIDUWIL , C , 2 , 01/01/2021 00:00:00 , P1, 	(21-FEB-2025 15:01:18)	 (Not Inserted)
2 ,187 , VIDUWIL , C , 3 , 01/01/2021 00:00:00 , P1, 	(21-FEB-2025 15:01:18)	 (Not Inserted)
2 ,187 , VIDUWIL , C , 4 , 01/01/2021 00:00:00 , P1, 	(21-FEB-2025 15:01:18)	 (Not Inserted)
2 ,187 , VIDUWIL , C , 4 , 01/01/2021 00:00:00 , P1, 	(21-FEB-2025 15:01:18)	 (Not Inserted)
2 ,187 , VIDUWIL , C , 4 , 01/04/2021 00:00:00 , P1, 	(21-FEB-2025 15:01:18)	 (Not Inserted)
2 ,187 , VIDUWIL , C , 6 , 25/02/2021 00:00:00 , P1, 	(21-FEB-2025 15:01:18)	 (Not Inserted)
2 ,187 , VIDUWIL , C , 6 , 25/02/2021 00:00:00 , P1, 	(21-FEB-2025 15:01:18)	 (Not Inserted)
2 ,187 , VIDUWIL , C , 6 , 25/02/2021 00:00:00 , P1, 	(21-FEB-2025 15:01:18)	 (Not Inserted)
2 ,187 , VIDUWIL , C , 9 , 30/01/2021 00:00:00 , P1, 	(21-FEB-2025 15:01:18)	 (Not Inserted)
2 ,187 , VIDUWIL , C , 9 , 30/01/2021 00:00:00 , P1, 	(21-FEB-2025 15:01:18)	 (Not Inserted)
2 ,187 , VIDUWIL , C , 9 , 30/01/2021 00:00:00 , P1, 	(21-FEB-2025 15:01:18)	 (Not Inserted)
2 ,187 , VIDUWIL , C , 1 , 01/01/2021 00:00:00 , B, 	(21-FEB-2025 15:01:18)	 (Not Inserted)
2 ,187 , VIDUWIL , C , 2 , 01/01/2021 00:00:00 , P1, 	(21-FEB-2025 15:01:18)	 (Not Inserted)
2 ,187 , VIDUWIL , C , 3 , 01/01/2021 00:00:00 , P1, 	(21-FEB-2025 15:01:18)	 (Not Inserted)
2 ,187 , VIDUWIL , C , 4 , 01/01/2021 00:00:00 , P1, 	(21-FEB-2025 15:01:18)	 (Not Inserted)
2 ,187 , VIDUWIL , C , 4 , 01/01/2021 00:00:00 , P1, 	(21-FEB-2025 15:01:18)	 (Not Inserted)
2 ,187 , VIDUWIL , C , 4 , 01/04/2021 00:00:00 , P1, 	(21-FEB-2025 15:01:18)	 (Not Inserted)
2 ,187 , VIDUWIL , C , 6 , 25/02/2021 00:00:00 , P1, 	(21-FEB-2025 15:01:18)	 (Not Inserted)
2 ,187 , VIDUWIL , C , 6 , 25/02/2021 00:00:00 , P1, 	(21-FEB-2025 15:01:18)	 (Not Inserted)
2 ,187 , VIDUWIL , C , 6 , 25/02/2021 00:00:00 , P1, 	(21-FEB-2025 15:01:18)	 (Not Inserted)
2 ,187 , VIDUWIL , C , 9 , 30/01/2021 00:00:00 , P1, 	(21-FEB-2025 15:01:18)	 (Not Inserted)
2 ,187 , VIDUWIL , C , 9 , 30/01/2021 00:00:00 , P1, 	(21-FEB-2025 15:01:18)	 (Not Inserted)
2 ,187 , VIDUWIL , C , 9 , 30/01/2021 00:00:00 , P1, 	(21-FEB-2025 15:01:18)	 (Not Inserted)
2 ,33 , AGP CGD , C , 8 , 27/04/2021 00:00:00 , P1, 	(21-FEB-2025 15:01:18)	 (Not Inserted)
2 ,33 , AGP CGD , C , 8 , 01/02/2023 00:00:00 , P2, 	(21-FEB-2025 15:01:18)	 (Not Inserted)
2 ,33 , AGP CGD , C , 8 , 01/02/2023 00:00:00 , P1, 	(21-FEB-2025 15:01:18)	 (Not Inserted)
2 ,33 , AGP CGD , C , 12 , 01/02/2023 00:00:00 , P2, 	(21-FEB-2025 15:01:18)	 (Not Inserted)
2 ,33 , AGP CGD , C , 4 , 01/04/2021 00:00:00 , P1, 	(21-FEB-2025 15:01:18)	 (Not Inserted)
2 ,33 , AGP CGD , C , 4 , 01/04/2021 00:00:00 , P1, 	(21-FEB-2025 15:01:18)	 (Not Inserted)
2 ,33 , AGP CGD , C , 4 , 01/04/2021 00:00:00 , P1, 	(21-FEB-2025 15:01:18)	 (Not Inserted)
2 ,33 , AGP CGD , C , 4 , 01/04/2021 00:00:00 , P1, 	(21-FEB-2025 15:01:18)	 (Not Inserted)
2 ,33 , AGP CGD , C , 3 , 01/04/2021 00:00:00 , P1, 	(21-FEB-2025 15:01:18)	 (Not Inserted)
2 ,33 , AGP CGD , C , 1 , 25/01/2021 00:00:00 , P1, 	(21-FEB-2025 15:01:18)	 (Not Inserted)
2 ,33 , AGP CGD , C , 2 , 25/01/2021 00:00:00 , P1, 	(21-FEB-2025 15:01:18)	 (Not Inserted)
2 ,33 , AGP CGD , C , 3 , 01/02/2023 00:00:00 , P2, 	(21-FEB-2025 15:01:18)	 (Not Inserted)
2 ,33 , AGP CGD , C , 1 , 01/02/2023 00:00:00 , P1, 	(21-FEB-2025 15:01:18)	 (Not Inserted)
2 ,33 , AGP CGD , C , 9 , 28/12/2021 00:00:00 , P1, 	(21-FEB-2025 15:01:18)	 (Not Inserted)
2 ,33 , AGP CGD , C , 9 , 27/03/2023 00:00:00 , P2, 	(21-FEB-2025 15:01:18)	 (Not Inserted)
2 ,33 , AGP CGD , C , 8 , 27/04/2021 00:00:00 , P1, 	(21-FEB-2025 15:01:18)	 (Not Inserted)
2 ,33 , AGP CGD , C , 8 , 01/02/2023 00:00:00 , P2, 	(21-FEB-2025 15:01:18)	 (Not Inserted)
2 ,33 , AGP CGD , C , 8 , 01/02/2023 00:00:00 , P1, 	(21-FEB-2025 15:01:18)	 (Not Inserted)
2 ,33 , AGP CGD , C , 12 , 01/02/2023 00:00:00 , P2, 	(21-FEB-2025 15:01:18)	 (Not Inserted)
2 ,33 , AGP CGD , C , 4 , 01/04/2021 00:00:00 , P1, 	(21-FEB-2025 15:01:18)	 (Not Inserted)
2 ,33 , AGP CGD , C , 4 , 01/04/2021 00:00:00 , P1, 	(21-FEB-2025 15:01:18)	 (Not Inserted)
2 ,33 , AGP CGD , C , 4 , 01/04/2021 00:00:00 , P1, 	(21-FEB-2025 15:01:18)	 (Not Inserted)
2 ,33 , AGP CGD , C , 4 , 01/04/2021 00:00:00 , P1, 	(21-FEB-2025 15:01:18)	 (Not Inserted)
2 ,33 , AGP CGD , C , 3 , 01/04/2021 00:00:00 , P1, 	(21-FEB-2025 15:01:18)	 (Not Inserted)
2 ,33 , AGP CGD , C , 1 , 25/01/2021 00:00:00 , P1, 	(21-FEB-2025 15:01:18)	 (Not Inserted)
2 ,33 , AGP CGD , C , 2 , 25/01/2021 00:00:00 , P1, 	(21-FEB-2025 15:01:18)	 (Not Inserted)
2 ,33 , AGP CGD , C , 3 , 01/02/2023 00:00:00 , P2, 	(21-FEB-2025 15:01:18)	 (Not Inserted)
2 ,33 , AGP CGD , C , 1 , 01/02/2023 00:00:00 , P1, 	(21-FEB-2025 15:01:18)	 (Not Inserted)
2 ,33 , AGP CGD , C , 9 , 28/12/2021 00:00:00 , P1, 	(21-FEB-2025 15:01:18)	 (Not Inserted)
2 ,33 , AGP CGD , C , 9 , 27/03/2023 00:00:00 , P2, 	(21-FEB-2025 15:01:18)	 (Not Inserted)
2 ,34 , MINDA , C , 13 , 29/07/2022 00:00:00 , P2, 	(21-FEB-2025 15:01:18)	 (Not Inserted)
2 ,34 , MINDA , C , 14 , 29/07/2022 00:00:00 , P2, 	(21-FEB-2025 15:01:18)	 (Not Inserted)
2 ,34 , MINDA , C , 10 , 01/02/2021 00:00:00 , P1, 	(21-FEB-2025 15:01:18)	 (Not Inserted)
2 ,34 , MINDA , C , 15 , 29/07/2022 00:00:00 , P2, 	(21-FEB-2025 15:01:18)	 (Not Inserted)
2 ,34 , MINDA , C , 3 , 01/02/2021 00:00:00 , P1, 	(21-FEB-2025 15:01:18)	 (Not Inserted)
2 ,34 , MINDA , C , 3 , 01/02/2021 00:00:00 , P1, 	(21-FEB-2025 15:01:18)	 (Not Inserted)
2 ,34 , MINDA , C , 3 , 01/02/2021 00:00:00 , P1, 	(21-FEB-2025 15:01:18)	 (Not Inserted)
2 ,34 , MINDA , C , 3 , 01/02/2021 00:00:00 , P1, 	(21-FEB-2025 15:01:18)	 (Not Inserted)
2 ,34 , MINDA , C , 11 , 06/08/2021 00:00:00 , B, 	(21-FEB-2025 15:01:18)	 (Not Inserted)
2 ,34 , MINDA , C , 10 , 21/02/2022 00:00:00 , B, 	(21-FEB-2025 15:01:18)	 (Not Inserted)
2 ,34 , MINDA , C , 1 , 01/02/2021 00:00:00 , P1, 	(21-FEB-2025 15:01:18)	 (Not Inserted)
2 ,34 , MINDA , C , 2 , 01/02/2021 00:00:00 , P1, 	(21-FEB-2025 15:01:18)	 (Not Inserted)
2 ,34 , MINDA , C , 6 , 03/03/2023 00:00:00 , P1, 	(21-FEB-2025 15:01:18)	 (Not Inserted)
2 ,34 , MINDA , C , 4 , 01/02/2021 00:00:00 , P1, 	(21-FEB-2025 15:01:18)	 (Not Inserted)
2 ,34 , MINDA , C , 3 , 05/01/2024 00:00:00 , P1, 	(21-FEB-2025 15:01:18)	 (Not Inserted)
2 ,34 , MINDA , C , 10 , 16/08/2022 00:00:00 , P1, 	(21-FEB-2025 15:01:18)	 (Not Inserted)
2 ,34 , MINDA , C , 5 , 16/08/2022 00:00:00 , P1, 	(21-FEB-2025 15:01:18)	 (Not Inserted)
2 ,34 , MINDA , C , 12 , 29/07/2022 00:00:00 , P2, 	(21-FEB-2025 15:01:18)	 (Not Inserted)
2 ,34 , MINDA , C , 17 , 19/07/2024 00:00:00 , P1, 	(21-FEB-2025 15:01:18)	 (Not Inserted)
2 ,34 , MINDA , C , 8 , 01/02/2021 00:00:00 , P1, 	(21-FEB-2025 15:01:18)	 (Not Inserted)
2 ,34 , MINDA , C , 9 , 01/02/2021 00:00:00 , P1, 	(21-FEB-2025 15:01:18)	 (Not Inserted)
2 ,34 , MINDA , C , 16 , 19/07/2024 00:00:00 , P1, 	(21-FEB-2025 15:01:18)	 (Not Inserted)
2 ,34 , MINDA , C , 13 , 29/07/2022 00:00:00 , P2, 	(21-FEB-2025 15:01:18)	 (Not Inserted)
2 ,34 , MINDA , C , 14 , 29/07/2022 00:00:00 , P2, 	(21-FEB-2025 15:01:18)	 (Not Inserted)
2 ,34 , MINDA , C , 10 , 01/02/2021 00:00:00 , P1, 	(21-FEB-2025 15:01:18)	 (Not Inserted)
2 ,34 , MINDA , C , 15 , 29/07/2022 00:00:00 , P2, 	(21-FEB-2025 15:01:18)	 (Not Inserted)
2 ,34 , MINDA , C , 3 , 01/02/2021 00:00:00 , P1, 	(21-FEB-2025 15:01:18)	 (Not Inserted)
2 ,34 , MINDA , C , 3 , 01/02/2021 00:00:00 , P1, 	(21-FEB-2025 15:01:18)	 (Not Inserted)
2 ,34 , MINDA , C , 3 , 01/02/2021 00:00:00 , P1, 	(21-FEB-2025 15:01:18)	 (Not Inserted)
2 ,34 , MINDA , C , 3 , 01/02/2021 00:00:00 , P1, 	(21-FEB-2025 15:01:18)	 (Not Inserted)
2 ,34 , MINDA , C , 11 , 06/08/2021 00:00:00 , B, 	(21-FEB-2025 15:01:18)	 (Not Inserted)
2 ,34 , MINDA , C , 10 , 21/02/2022 00:00:00 , B, 	(21-FEB-2025 15:01:18)	 (Not Inserted)
2 ,34 , MINDA , C , 1 , 01/02/2021 00:00:00 , P1, 	(21-FEB-2025 15:01:18)	 (Not Inserted)
2 ,34 , MINDA , C , 2 , 01/02/2021 00:00:00 , P1, 	(21-FEB-2025 15:01:18)	 (Not Inserted)
2 ,34 , MINDA , C , 6 , 03/03/2023 00:00:00 , P1, 	(21-FEB-2025 15:01:18)	 (Not Inserted)
2 ,34 , MINDA , C , 4 , 01/02/2021 00:00:00 , P1, 	(21-FEB-2025 15:01:18)	 (Not Inserted)
2 ,34 , MINDA , C , 3 , 05/01/2024 00:00:00 , P1, 	(21-FEB-2025 15:01:18)	 (Not Inserted)
2 ,34 , MINDA , C , 10 , 16/08/2022 00:00:00 , P1, 	(21-FEB-2025 15:01:18)	 (Not Inserted)
2 ,34 , MINDA , C , 5 , 16/08/2022 00:00:00 , P1, 	(21-FEB-2025 15:01:18)	 (Not Inserted)
2 ,34 , MINDA , C , 12 , 29/07/2022 00:00:00 , P2, 	(21-FEB-2025 15:01:18)	 (Not Inserted)
2 ,34 , MINDA , C , 17 , 19/07/2024 00:00:00 , P1, 	(21-FEB-2025 15:01:18)	 (Not Inserted)
2 ,34 , MINDA , C , 8 , 01/02/2021 00:00:00 , P1, 	(21-FEB-2025 15:01:18)	 (Not Inserted)
2 ,34 , MINDA , C , 9 , 01/02/2021 00:00:00 , P1, 	(21-FEB-2025 15:01:18)	 (Not Inserted)
2 ,34 , MINDA , C , 16 , 19/07/2024 00:00:00 , P1, 	(21-FEB-2025 15:01:18)	 (Not Inserted)
2 ,238 , LEIPL , C , 1 , 04/11/2020 00:00:00 , B, 	(21-FEB-2025 15:01:18)	 (Not Inserted)
2 ,238 , LEIPL , C , 2 , 04/11/2020 00:00:00 , B, 	(21-FEB-2025 15:01:18)	 (Not Inserted)
2 ,238 , LEIPL , C , 3 , 03/04/2023 00:00:00 , B, 	(21-FEB-2025 15:01:18)	 (Not Inserted)
2 ,238 , LEIPL , C , 1 , 04/11/2020 00:00:00 , B, 	(21-FEB-2025 15:01:18)	 (Not Inserted)
2 ,238 , LEIPL , C , 2 , 04/11/2020 00:00:00 , B, 	(21-FEB-2025 15:01:18)	 (Not Inserted)
2 ,238 , LEIPL , C , 3 , 03/04/2023 00:00:00 , B, 	(21-FEB-2025 15:01:18)	 (Not Inserted)
2 ,35 , SCHOTT , C , 5 , 01/01/2021 00:00:00 , P1, 	(21-FEB-2025 15:01:18)	 (Not Inserted)
2 ,35 , SCHOTT , C , 6 , 01/01/2021 00:00:00 , P1, 	(21-FEB-2025 15:01:18)	 (Not Inserted)
2 ,35 , SCHOTT , C , 1 , 01/01/2021 00:00:00 , P1, 	(21-FEB-2025 15:01:18)	 (Not Inserted)
2 ,35 , SCHOTT , C , 8 , 01/01/2021 00:00:00 , P1, 	(21-FEB-2025 15:01:18)	 (Not Inserted)
2 ,35 , SCHOTT , C , 2 , 01/01/2021 00:00:00 , P1, 	(21-FEB-2025 15:01:18)	 (Not Inserted)
2 ,35 , SCHOTT , C , 2 , 01/01/2021 00:00:00 , P1, 	(21-FEB-2025 15:01:18)	 (Not Inserted)
2 ,35 , SCHOTT , C , 2 , 01/01/2021 00:00:00 , P1, 	(21-FEB-2025 15:01:18)	 (Not Inserted)
2 ,35 , SCHOTT , C , 7 , 01/01/2021 00:00:00 , P1, 	(21-FEB-2025 15:01:18)	 (Not Inserted)
2 ,35 , SCHOTT , C , 5 , 01/01/2021 00:00:00 , P1, 	(21-FEB-2025 15:01:18)	 (Not Inserted)
2 ,35 , SCHOTT , C , 6 , 01/01/2021 00:00:00 , P1, 	(21-FEB-2025 15:01:18)	 (Not Inserted)
2 ,35 , SCHOTT , C , 1 , 01/01/2021 00:00:00 , P1, 	(21-FEB-2025 15:01:18)	 (Not Inserted)
2 ,35 , SCHOTT , C , 8 , 01/01/2021 00:00:00 , P1, 	(21-FEB-2025 15:01:18)	 (Not Inserted)
2 ,35 , SCHOTT , C , 2 , 01/01/2021 00:00:00 , P1, 	(21-FEB-2025 15:01:18)	 (Not Inserted)
2 ,35 , SCHOTT , C , 2 , 01/01/2021 00:00:00 , P1, 	(21-FEB-2025 15:01:18)	 (Not Inserted)
2 ,35 , SCHOTT , C , 2 , 01/01/2021 00:00:00 , P1, 	(21-FEB-2025 15:01:18)	 (Not Inserted)
2 ,35 , SCHOTT , C , 7 , 01/01/2021 00:00:00 , P1, 	(21-FEB-2025 15:01:18)	 (Not Inserted)
2 ,36 , HIL , C , 4 , 01/01/2021 00:00:00 , B, 	(21-FEB-2025 15:01:18)	 (Not Inserted)
2 ,36 , HIL , C , 6 , 01/06/2023 00:00:00 , B, 	(21-FEB-2025 15:01:18)	 (Not Inserted)
2 ,36 , HIL , C , 3 , 01/01/2021 00:00:00 , B, 	(21-FEB-2025 15:01:18)	 (Not Inserted)
2 ,36 , HIL , C , 2 , 01/01/2021 00:00:00 , 4, 	(21-FEB-2025 15:01:18)	 (Not Inserted)
2 ,36 , HIL , C , 9 , 01/06/2023 00:00:00 , 4, 	(21-FEB-2025 15:01:18)	 (Not Inserted)
2 ,36 , HIL , C , 1 , 01/01/2021 00:00:00 , 4, 	(21-FEB-2025 15:01:18)	 (Not Inserted)
2 ,36 , HIL , C , 6 , 01/01/2021 00:00:00 , B, 	(21-FEB-2025 15:01:18)	 (Not Inserted)
2 ,36 , HIL , C , 10 , 01/06/2023 00:00:00 , 4, 	(21-FEB-2025 15:01:18)	 (Not Inserted)
2 ,36 , HIL , C , 8 , 15/01/2022 00:00:00 , P3, 	(21-FEB-2025 15:01:18)	 (Not Inserted)
2 ,36 , HIL , C , 7 , 23/01/2022 00:00:00 , P3, 	(21-FEB-2025 15:01:18)	 (Not Inserted)
2 ,36 , HIL , C , 5 , 01/01/2021 00:00:00 , B, 	(21-FEB-2025 15:01:18)	 (Not Inserted)
2 ,36 , HIL , C , 4 , 01/01/2021 00:00:00 , B, 	(21-FEB-2025 15:01:18)	 (Not Inserted)
2 ,36 , HIL , C , 6 , 01/06/2023 00:00:00 , B, 	(21-FEB-2025 15:01:18)	 (Not Inserted)
2 ,36 , HIL , C , 3 , 01/01/2021 00:00:00 , B, 	(21-FEB-2025 15:01:18)	 (Not Inserted)
2 ,36 , HIL , C , 2 , 01/01/2021 00:00:00 , 4, 	(21-FEB-2025 15:01:18)	 (Not Inserted)
2 ,36 , HIL , C , 9 , 01/06/2023 00:00:00 , 4, 	(21-FEB-2025 15:01:18)	 (Not Inserted)
2 ,36 , HIL , C , 1 , 01/01/2021 00:00:00 , 4, 	(21-FEB-2025 15:01:18)	 (Not Inserted)
2 ,36 , HIL , C , 6 , 01/01/2021 00:00:00 , B, 	(21-FEB-2025 15:01:18)	 (Not Inserted)
2 ,36 , HIL , C , 10 , 01/06/2023 00:00:00 , 4, 	(21-FEB-2025 15:01:18)	 (Not Inserted)
2 ,36 , HIL , C , 8 , 15/01/2022 00:00:00 , P3, 	(21-FEB-2025 15:01:18)	 (Not Inserted)
2 ,36 , HIL , C , 7 , 23/01/2022 00:00:00 , P3, 	(21-FEB-2025 15:01:18)	 (Not Inserted)
2 ,36 , HIL , C , 5 , 01/01/2021 00:00:00 , B, 	(21-FEB-2025 15:01:18)	 (Not Inserted)
2 ,37 , HCGD-B , C , 2 , 01/04/2021 00:00:00 , P1, 	(21-FEB-2025 15:01:18)	 (Not Inserted)
2 ,37 , HCGD-B , C , 1 , 01/04/2021 00:00:00 , P1, 	(21-FEB-2025 15:01:18)	 (Not Inserted)
2 ,37 , HCGD-B , C , 3 , 01/04/2021 00:00:00 , P1, 	(21-FEB-2025 15:01:18)	 (Not Inserted)
2 ,37 , HCGD-B , C , 2 , 01/04/2021 00:00:00 , P1, 	(21-FEB-2025 15:01:18)	 (Not Inserted)
2 ,37 , HCGD-B , C , 1 , 01/04/2021 00:00:00 , P1, 	(21-FEB-2025 15:01:18)	 (Not Inserted)
2 ,37 , HCGD-B , C , 3 , 01/04/2021 00:00:00 , P1, 	(21-FEB-2025 15:01:18)	 (Not Inserted)
2 ,198 , BIPL , C , 4 , 01/06/2023 00:00:00 , R, 	(21-FEB-2025 15:01:18)	 (Not Inserted)
2 ,198 , BIPL , C , 3 , 25/04/2021 00:00:00 , P1, 	(21-FEB-2025 15:01:18)	 (Not Inserted)
2 ,198 , BIPL , C , 3 , 24/09/2024 00:00:00 , P2, 	(21-FEB-2025 15:01:18)	 (Not Inserted)
2 ,198 , BIPL , C , 2 , 25/04/2021 00:00:00 , P1, 	(21-FEB-2025 15:01:18)	 (Not Inserted)
2 ,198 , BIPL , C , 1 , 21/07/2020 00:00:00 , R, 	(21-FEB-2025 15:01:18)	 (Not Inserted)
2 ,198 , BIPL , C , 4 , 01/06/2023 00:00:00 , R, 	(21-FEB-2025 15:01:18)	 (Not Inserted)
2 ,198 , BIPL , C , 3 , 25/04/2021 00:00:00 , P1, 	(21-FEB-2025 15:01:18)	 (Not Inserted)
2 ,198 , BIPL , C , 3 , 24/09/2024 00:00:00 , P2, 	(21-FEB-2025 15:01:18)	 (Not Inserted)
2 ,198 , BIPL , C , 2 , 25/04/2021 00:00:00 , P1, 	(21-FEB-2025 15:01:18)	 (Not Inserted)
2 ,198 , BIPL , C , 1 , 21/07/2020 00:00:00 , R, 	(21-FEB-2025 15:01:18)	 (Not Inserted)
2 ,220 , EXXARO , C , 3 , 11/02/2022 00:00:00 , B, 	(21-FEB-2025 15:01:18)	 (Not Inserted)
2 ,220 , EXXARO , C , 3 , 11/02/2022 00:00:00 , B, 	(21-FEB-2025 15:01:18)	 (Not Inserted)
2 ,220 , EXXARO , C , 1 , 23/06/2021 00:00:00 , B, 	(21-FEB-2025 15:01:18)	 (Not Inserted)
2 ,220 , EXXARO , C , 1 , 23/06/2021 00:00:00 , B, 	(21-FEB-2025 15:01:18)	 (Not Inserted)
2 ,220 , EXXARO , C , 2 , 23/06/2021 00:00:00 , B, 	(21-FEB-2025 15:01:18)	 (Not Inserted)
2 ,220 , EXXARO , C , 2 , 23/06/2021 00:00:00 , B, 	(21-FEB-2025 15:01:18)	 (Not Inserted)
2 ,220 , EXXARO , C , 3 , 11/02/2022 00:00:00 , B, 	(21-FEB-2025 15:01:18)	 (Not Inserted)
2 ,220 , EXXARO , C , 3 , 11/02/2022 00:00:00 , B, 	(21-FEB-2025 15:01:18)	 (Not Inserted)
2 ,220 , EXXARO , C , 1 , 23/06/2021 00:00:00 , B, 	(21-FEB-2025 15:01:18)	 (Not Inserted)
2 ,220 , EXXARO , C , 1 , 23/06/2021 00:00:00 , B, 	(21-FEB-2025 15:01:18)	 (Not Inserted)
2 ,220 , EXXARO , C , 2 , 23/06/2021 00:00:00 , B, 	(21-FEB-2025 15:01:18)	 (Not Inserted)
2 ,220 , EXXARO , C , 2 , 23/06/2021 00:00:00 , B, 	(21-FEB-2025 15:01:18)	 (Not Inserted)
2 ,38 , KAJARIA , C , 9 , 08/09/2021 00:00:00 , B, 	(21-FEB-2025 15:01:18)	 (Not Inserted)
2 ,38 , KAJARIA , C , 8 , 22/08/2021 00:00:00 , P1, 	(21-FEB-2025 15:01:18)	 (Not Inserted)
2 ,38 , KAJARIA , C , 3 , 01/03/2023 00:00:00 , 2, 	(21-FEB-2025 15:01:18)	 (Not Inserted)
2 ,38 , KAJARIA , C , 1 , 04/08/2021 00:00:00 , B, 	(21-FEB-2025 15:01:18)	 (Not Inserted)
2 ,38 , KAJARIA , C , 2 , 04/08/2021 00:00:00 , B, 	(21-FEB-2025 15:01:18)	 (Not Inserted)
2 ,38 , KAJARIA , C , 10 , 01/01/2023 00:00:00 , B, 	(21-FEB-2025 15:01:18)	 (Not Inserted)
2 ,38 , KAJARIA , C , 3 , 04/08/2021 00:00:00 , P1, 	(21-FEB-2025 15:01:18)	 (Not Inserted)
2 ,38 , KAJARIA , C , 3 , 04/08/2021 00:00:00 , P1, 	(21-FEB-2025 15:01:18)	 (Not Inserted)
2 ,38 , KAJARIA , C , 3 , 04/08/2021 00:00:00 , P1, 	(21-FEB-2025 15:01:18)	 (Not Inserted)
2 ,38 , KAJARIA , C , 6 , 17/08/2021 00:00:00 , P1, 	(21-FEB-2025 15:01:18)	 (Not Inserted)
2 ,38 , KAJARIA , C , 6 , 17/08/2021 00:00:00 , P1, 	(21-FEB-2025 15:01:18)	 (Not Inserted)
2 ,38 , KAJARIA , C , 9 , 08/09/2021 00:00:00 , B, 	(21-FEB-2025 15:01:18)	 (Not Inserted)
2 ,38 , KAJARIA , C , 8 , 22/08/2021 00:00:00 , P1, 	(21-FEB-2025 15:01:18)	 (Not Inserted)
2 ,38 , KAJARIA , C , 3 , 01/03/2023 00:00:00 , 2, 	(21-FEB-2025 15:01:18)	 (Not Inserted)
2 ,38 , KAJARIA , C , 1 , 04/08/2021 00:00:00 , B, 	(21-FEB-2025 15:01:18)	 (Not Inserted)
2 ,38 , KAJARIA , C , 2 , 04/08/2021 00:00:00 , B, 	(21-FEB-2025 15:01:18)	 (Not Inserted)
2 ,38 , KAJARIA , C , 10 , 01/01/2023 00:00:00 , B, 	(21-FEB-2025 15:01:18)	 (Not Inserted)
2 ,38 , KAJARIA , C , 3 , 04/08/2021 00:00:00 , P1, 	(21-FEB-2025 15:01:18)	 (Not Inserted)
2 ,38 , KAJARIA , C , 3 , 04/08/2021 00:00:00 , P1, 	(21-FEB-2025 15:01:18)	 (Not Inserted)
2 ,38 , KAJARIA , C , 3 , 04/08/2021 00:00:00 , P1, 	(21-FEB-2025 15:01:18)	 (Not Inserted)
2 ,38 , KAJARIA , C , 6 , 17/08/2021 00:00:00 , P1, 	(21-FEB-2025 15:01:18)	 (Not Inserted)
2 ,38 , KAJARIA , C , 6 , 17/08/2021 00:00:00 , P1, 	(21-FEB-2025 15:01:18)	 (Not Inserted)
2 ,39 , SISECAM , C , 5 , 01/07/2022 00:00:00 , B, 	(21-FEB-2025 15:01:18)	 (Not Inserted)
2 ,39 , SISECAM , C , 4 , 09/06/2021 00:00:00 , B, 	(21-FEB-2025 15:01:18)	 (Not Inserted)
2 ,39 , SISECAM , C , 2 , 09/06/2021 00:00:00 , P1, 	(21-FEB-2025 15:01:18)	 (Not Inserted)
2 ,39 , SISECAM , C , 2 , 01/02/2024 00:00:00 , 1, 	(21-FEB-2025 15:01:18)	 (Not Inserted)
2 ,39 , SISECAM , C , 1 , 09/06/2021 00:00:00 , B, 	(21-FEB-2025 15:01:18)	 (Not Inserted)
2 ,39 , SISECAM , C , 3 , 09/06/2021 00:00:00 , B, 	(21-FEB-2025 15:01:18)	 (Not Inserted)
2 ,39 , SISECAM , C , 5 , 01/07/2022 00:00:00 , B, 	(21-FEB-2025 15:01:18)	 (Not Inserted)
2 ,39 , SISECAM , C , 4 , 09/06/2021 00:00:00 , B, 	(21-FEB-2025 15:01:18)	 (Not Inserted)
2 ,39 , SISECAM , C , 2 , 09/06/2021 00:00:00 , P1, 	(21-FEB-2025 15:01:18)	 (Not Inserted)
2 ,39 , SISECAM , C , 2 , 01/02/2024 00:00:00 , 1, 	(21-FEB-2025 15:01:18)	 (Not Inserted)
2 ,39 , SISECAM , C , 1 , 09/06/2021 00:00:00 , B, 	(21-FEB-2025 15:01:18)	 (Not Inserted)
2 ,39 , SISECAM , C , 3 , 09/06/2021 00:00:00 , B, 	(21-FEB-2025 15:01:18)	 (Not Inserted)
2 ,40 , ATPL , C , 1 , 04/08/2021 00:00:00 , B, 	(21-FEB-2025 15:01:18)	 (Not Inserted)
2 ,40 , ATPL , C , 8 , 05/04/2022 00:00:00 , P1, 	(21-FEB-2025 15:01:18)	 (Not Inserted)
2 ,40 , ATPL , C , 4 , 05/04/2022 00:00:00 , B, 	(21-FEB-2025 15:01:18)	 (Not Inserted)
2 ,40 , ATPL , C , 2 , 04/08/2021 00:00:00 , B, 	(21-FEB-2025 15:01:18)	 (Not Inserted)
2 ,40 , ATPL , C , 2 , 05/04/2022 00:00:00 , P1, 	(21-FEB-2025 15:01:18)	 (Not Inserted)
2 ,40 , ATPL , C , 3 , 05/04/2022 00:00:00 , 2, 	(21-FEB-2025 15:01:18)	 (Not Inserted)
2 ,40 , ATPL , C , 6 , 05/04/2022 00:00:00 , P1, 	(21-FEB-2025 15:01:18)	 (Not Inserted)
2 ,40 , ATPL , C , 7 , 05/04/2022 00:00:00 , P1, 	(21-FEB-2025 15:01:18)	 (Not Inserted)
2 ,40 , ATPL , C , 1 , 04/08/2021 00:00:00 , B, 	(21-FEB-2025 15:01:18)	 (Not Inserted)
2 ,40 , ATPL , C , 8 , 05/04/2022 00:00:00 , P1, 	(21-FEB-2025 15:01:18)	 (Not Inserted)
2 ,40 , ATPL , C , 4 , 05/04/2022 00:00:00 , B, 	(21-FEB-2025 15:01:18)	 (Not Inserted)
2 ,40 , ATPL , C , 2 , 04/08/2021 00:00:00 , B, 	(21-FEB-2025 15:01:18)	 (Not Inserted)
2 ,40 , ATPL , C , 2 , 05/04/2022 00:00:00 , P1, 	(21-FEB-2025 15:01:18)	 (Not Inserted)
2 ,40 , ATPL , C , 3 , 05/04/2022 00:00:00 , 2, 	(21-FEB-2025 15:01:18)	 (Not Inserted)
2 ,40 , ATPL , C , 6 , 05/04/2022 00:00:00 , P1, 	(21-FEB-2025 15:01:18)	 (Not Inserted)
2 ,40 , ATPL , C , 7 , 05/04/2022 00:00:00 , P1, 	(21-FEB-2025 15:01:18)	 (Not Inserted)
2 ,41 , OPAL , C , 5 , 28/07/2021 00:00:00 , B, 	(21-FEB-2025 15:01:18)	 (Not Inserted)
2 ,41 , OPAL , C , 5 , 28/07/2021 00:00:00 , B, 	(21-FEB-2025 15:01:18)	 (Not Inserted)
2 ,41 , OPAL , C , 5 , 28/07/2021 00:00:00 , B, 	(21-FEB-2025 15:01:18)	 (Not Inserted)
2 ,41 , OPAL , C , 5 , 28/07/2021 00:00:00 , B, 	(21-FEB-2025 15:01:18)	 (Not Inserted)
2 ,41 , OPAL , C , 5 , 28/07/2021 00:00:00 , B, 	(21-FEB-2025 15:01:18)	 (Not Inserted)
2 ,41 , OPAL , C , 3 , 28/07/2021 00:00:00 , B, 	(21-FEB-2025 15:01:18)	 (Not Inserted)
2 ,41 , OPAL , C , 4 , 28/07/2021 00:00:00 , 1, 	(21-FEB-2025 15:01:18)	 (Not Inserted)
2 ,41 , OPAL , C , 4 , 01/01/2024 00:00:00 , 1, 	(21-FEB-2025 15:01:18)	 (Not Inserted)
2 ,41 , OPAL , C , 2 , 28/07/2021 00:00:00 , 1, 	(21-FEB-2025 15:01:18)	 (Not Inserted)
2 ,41 , OPAL , C , 12 , 22/08/2024 00:00:00 , B, 	(21-FEB-2025 15:01:18)	 (Not Inserted)
2 ,41 , OPAL , C , 11 , 01/01/2024 00:00:00 , 1, 	(21-FEB-2025 15:01:18)	 (Not Inserted)
2 ,41 , OPAL , C , 1 , 28/07/2021 00:00:00 , 1, 	(21-FEB-2025 15:01:18)	 (Not Inserted)
2 ,41 , OPAL , C , 5 , 28/07/2021 00:00:00 , B, 	(21-FEB-2025 15:01:18)	 (Not Inserted)
2 ,41 , OPAL , C , 5 , 28/07/2021 00:00:00 , B, 	(21-FEB-2025 15:01:18)	 (Not Inserted)
2 ,41 , OPAL , C , 5 , 28/07/2021 00:00:00 , B, 	(21-FEB-2025 15:01:18)	 (Not Inserted)
2 ,41 , OPAL , C , 5 , 28/07/2021 00:00:00 , B, 	(21-FEB-2025 15:01:18)	 (Not Inserted)
2 ,41 , OPAL , C , 5 , 28/07/2021 00:00:00 , B, 	(21-FEB-2025 15:01:18)	 (Not Inserted)
2 ,41 , OPAL , C , 3 , 28/07/2021 00:00:00 , B, 	(21-FEB-2025 15:01:18)	 (Not Inserted)
2 ,41 , OPAL , C , 4 , 28/07/2021 00:00:00 , 1, 	(21-FEB-2025 15:01:18)	 (Not Inserted)
2 ,41 , OPAL , C , 4 , 01/01/2024 00:00:00 , 1, 	(21-FEB-2025 15:01:18)	 (Not Inserted)
2 ,41 , OPAL , C , 2 , 28/07/2021 00:00:00 , 1, 	(21-FEB-2025 15:01:18)	 (Not Inserted)
2 ,41 , OPAL , C , 12 , 22/08/2024 00:00:00 , B, 	(21-FEB-2025 15:01:18)	 (Not Inserted)
2 ,41 , OPAL , C , 11 , 01/01/2024 00:00:00 , 1, 	(21-FEB-2025 15:01:18)	 (Not Inserted)
2 ,41 , OPAL , C , 1 , 28/07/2021 00:00:00 , 1, 	(21-FEB-2025 15:01:18)	 (Not Inserted)
2 ,234 , JKPAPER , C , 4 , 14/04/2023 00:00:00 , P1, 	(21-FEB-2025 15:01:18)	 (Not Inserted)
2 ,234 , JKPAPER , C , 4 , 11/08/2021 00:00:00 , P1, 	(21-FEB-2025 15:01:18)	 (Not Inserted)
2 ,234 , JKPAPER , C , 6 , 01/10/2021 00:00:00 , P1, 	(21-FEB-2025 15:01:18)	 (Not Inserted)
2 ,234 , JKPAPER , C , 5 , 01/10/2021 00:00:00 , P1, 	(21-FEB-2025 15:01:18)	 (Not Inserted)
2 ,234 , JKPAPER , C , 6 , 02/05/2023 00:00:00 , P1, 	(21-FEB-2025 15:01:18)	 (Not Inserted)
2 ,234 , JKPAPER , C , 9 , 21/02/2022 00:00:00 , P1, 	(21-FEB-2025 15:01:18)	 (Not Inserted)
2 ,234 , JKPAPER , C , 5 , 02/05/2023 00:00:00 , P1, 	(21-FEB-2025 15:01:18)	 (Not Inserted)
2 ,234 , JKPAPER , C , 1 , 04/08/2021 00:00:00 , P1, 	(21-FEB-2025 15:01:18)	 (Not Inserted)
2 ,234 , JKPAPER , C , 3 , 11/08/2021 00:00:00 , P1, 	(21-FEB-2025 15:01:18)	 (Not Inserted)
2 ,234 , JKPAPER , C , 2 , 04/08/2021 00:00:00 , P1, 	(21-FEB-2025 15:01:18)	 (Not Inserted)
2 ,234 , JKPAPER , C , 7 , 01/10/2021 00:00:00 , P1, 	(21-FEB-2025 15:01:18)	 (Not Inserted)
2 ,234 , JKPAPER , C , 7 , 03/10/2021 00:00:00 , P1, 	(21-FEB-2025 15:01:18)	 (Not Inserted)
2 ,234 , JKPAPER , C , 9 , 09/05/2023 00:00:00 , P1, 	(21-FEB-2025 15:01:18)	 (Not Inserted)
2 ,234 , JKPAPER , C , 4 , 14/04/2023 00:00:00 , P1, 	(21-FEB-2025 15:01:18)	 (Not Inserted)
2 ,234 , JKPAPER , C , 4 , 11/08/2021 00:00:00 , P1, 	(21-FEB-2025 15:01:18)	 (Not Inserted)
2 ,234 , JKPAPER , C , 6 , 01/10/2021 00:00:00 , P1, 	(21-FEB-2025 15:01:18)	 (Not Inserted)
2 ,234 , JKPAPER , C , 5 , 01/10/2021 00:00:00 , P1, 	(21-FEB-2025 15:01:18)	 (Not Inserted)
2 ,234 , JKPAPER , C , 6 , 02/05/2023 00:00:00 , P1, 	(21-FEB-2025 15:01:18)	 (Not Inserted)
2 ,234 , JKPAPER , C , 9 , 21/02/2022 00:00:00 , P1, 	(21-FEB-2025 15:01:18)	 (Not Inserted)
2 ,234 , JKPAPER , C , 5 , 02/05/2023 00:00:00 , P1, 	(21-FEB-2025 15:01:18)	 (Not Inserted)
2 ,234 , JKPAPER , C , 1 , 04/08/2021 00:00:00 , P1, 	(21-FEB-2025 15:01:18)	 (Not Inserted)
2 ,234 , JKPAPER , C , 3 , 11/08/2021 00:00:00 , P1, 	(21-FEB-2025 15:01:18)	 (Not Inserted)
2 ,234 , JKPAPER , C , 2 , 04/08/2021 00:00:00 , P1, 	(21-FEB-2025 15:01:18)	 (Not Inserted)
2 ,234 , JKPAPER , C , 7 , 01/10/2021 00:00:00 , P1, 	(21-FEB-2025 15:01:18)	 (Not Inserted)
2 ,234 , JKPAPER , C , 7 , 03/10/2021 00:00:00 , P1, 	(21-FEB-2025 15:01:18)	 (Not Inserted)
2 ,234 , JKPAPER , C , 9 , 09/05/2023 00:00:00 , P1, 	(21-FEB-2025 15:01:18)	 (Not Inserted)
2 ,263 , STL , C , 2 , 28/12/2021 00:00:00 , B, 	(21-FEB-2025 15:01:18)	 (Not Inserted)
2 ,263 , STL , C , 3 , 25/01/2022 00:00:00 , B, 	(21-FEB-2025 15:01:18)	 (Not Inserted)
2 ,263 , STL , C , 2 , 22/10/2021 00:00:00 , P1, 	(21-FEB-2025 15:01:18)	 (Not Inserted)
2 ,263 , STL , C , 2 , 22/10/2021 00:00:00 , P1, 	(21-FEB-2025 15:01:18)	 (Not Inserted)
2 ,263 , STL , C , 1 , 06/09/2021 00:00:00 , B, 	(21-FEB-2025 15:01:18)	 (Not Inserted)
2 ,263 , STL , C , 4 , 10/11/2021 00:00:00 , P1, 	(21-FEB-2025 15:01:18)	 (Not Inserted)
2 ,263 , STL , C , 5 , 10/11/2021 00:00:00 , P1, 	(21-FEB-2025 15:01:18)	 (Not Inserted)
2 ,263 , STL , C , 2 , 28/12/2021 00:00:00 , B, 	(21-FEB-2025 15:01:18)	 (Not Inserted)
2 ,263 , STL , C , 3 , 25/01/2022 00:00:00 , B, 	(21-FEB-2025 15:01:18)	 (Not Inserted)
2 ,263 , STL , C , 2 , 22/10/2021 00:00:00 , P1, 	(21-FEB-2025 15:01:18)	 (Not Inserted)
2 ,263 , STL , C , 2 , 22/10/2021 00:00:00 , P1, 	(21-FEB-2025 15:01:18)	 (Not Inserted)
2 ,263 , STL , C , 1 , 06/09/2021 00:00:00 , B, 	(21-FEB-2025 15:01:18)	 (Not Inserted)
2 ,263 , STL , C , 4 , 10/11/2021 00:00:00 , P1, 	(21-FEB-2025 15:01:18)	 (Not Inserted)
2 ,263 , STL , C , 5 , 10/11/2021 00:00:00 , P1, 	(21-FEB-2025 15:01:18)	 (Not Inserted)
2 ,206 , CELLO , C , 1 , 01/12/2021 00:00:00 , B, 	(21-FEB-2025 15:01:18)	 (Not Inserted)
2 ,206 , CELLO , C , 3 , 08/09/2022 00:00:00 , B, 	(21-FEB-2025 15:01:18)	 (Not Inserted)
2 ,206 , CELLO , C , 2 , 01/12/2021 00:00:00 , B, 	(21-FEB-2025 15:01:18)	 (Not Inserted)
2 ,206 , CELLO , C , 3 , 01/12/2021 00:00:00 , P1, 	(21-FEB-2025 15:01:18)	 (Not Inserted)
2 ,206 , CELLO , C , 1 , 01/12/2021 00:00:00 , B, 	(21-FEB-2025 15:01:18)	 (Not Inserted)
2 ,206 , CELLO , C , 3 , 08/09/2022 00:00:00 , B, 	(21-FEB-2025 15:01:18)	 (Not Inserted)
2 ,206 , CELLO , C , 2 , 01/12/2021 00:00:00 , B, 	(21-FEB-2025 15:01:18)	 (Not Inserted)
2 ,206 , CELLO , C , 3 , 01/12/2021 00:00:00 , P1, 	(21-FEB-2025 15:01:18)	 (Not Inserted)
2 ,42 , RCF , C , 7 , 01/10/2022 00:00:00 , 2, 	(21-FEB-2025 15:01:18)	 (Not Inserted)
2 ,42 , RCF , C , 7 , 01/09/2023 00:00:00 , 2, 	(21-FEB-2025 15:01:18)	 (Not Inserted)
2 ,42 , RCF , C , 6 , 14/09/2022 00:00:00 , P1, 	(21-FEB-2025 15:01:18)	 (Not Inserted)
2 ,42 , RCF , C , 8 , 01/10/2022 00:00:00 , 2, 	(21-FEB-2025 15:01:18)	 (Not Inserted)
2 ,42 , RCF , C , 8 , 01/09/2023 00:00:00 , 2, 	(21-FEB-2025 15:01:18)	 (Not Inserted)
2 ,42 , RCF , C , 1 , 30/12/2021 00:00:00 , 1, 	(21-FEB-2025 15:01:18)	 (Not Inserted)
2 ,42 , RCF , C , 2 , 30/12/2021 00:00:00 , 1, 	(21-FEB-2025 15:01:18)	 (Not Inserted)
2 ,42 , RCF , C , 2 , 30/12/2021 00:00:00 , B, 	(21-FEB-2025 15:01:18)	 (Not Inserted)
2 ,42 , RCF , C , 2 , 30/12/2021 00:00:00 , B, 	(21-FEB-2025 15:01:18)	 (Not Inserted)
2 ,42 , RCF , C , 3 , 30/12/2021 00:00:00 , B, 	(21-FEB-2025 15:01:18)	 (Not Inserted)
2 ,42 , RCF , C , 7 , 01/10/2022 00:00:00 , 2, 	(21-FEB-2025 15:01:18)	 (Not Inserted)
2 ,42 , RCF , C , 7 , 01/09/2023 00:00:00 , 2, 	(21-FEB-2025 15:01:18)	 (Not Inserted)
2 ,42 , RCF , C , 6 , 14/09/2022 00:00:00 , P1, 	(21-FEB-2025 15:01:18)	 (Not Inserted)
2 ,42 , RCF , C , 8 , 01/10/2022 00:00:00 , 2, 	(21-FEB-2025 15:01:18)	 (Not Inserted)
2 ,42 , RCF , C , 8 , 01/09/2023 00:00:00 , 2, 	(21-FEB-2025 15:01:18)	 (Not Inserted)
2 ,42 , RCF , C , 1 , 30/12/2021 00:00:00 , 1, 	(21-FEB-2025 15:01:18)	 (Not Inserted)
2 ,42 , RCF , C , 2 , 30/12/2021 00:00:00 , 1, 	(21-FEB-2025 15:01:18)	 (Not Inserted)
2 ,42 , RCF , C , 2 , 30/12/2021 00:00:00 , B, 	(21-FEB-2025 15:01:18)	 (Not Inserted)
2 ,42 , RCF , C , 2 , 30/12/2021 00:00:00 , B, 	(21-FEB-2025 15:01:18)	 (Not Inserted)
2 ,42 , RCF , C , 3 , 30/12/2021 00:00:00 , B, 	(21-FEB-2025 15:01:18)	 (Not Inserted)
2 ,201 , BWRL , C , 3 , 25/01/2022 00:00:00 , B, 	(21-FEB-2025 15:01:18)	 (Not Inserted)
2 ,201 , BWRL , C , 1 , 25/01/2022 00:00:00 , B, 	(21-FEB-2025 15:01:18)	 (Not Inserted)
2 ,201 , BWRL , C , 2 , 25/01/2022 00:00:00 , B, 	(21-FEB-2025 15:01:18)	 (Not Inserted)
2 ,201 , BWRL , C , 3 , 25/01/2022 00:00:00 , B, 	(21-FEB-2025 15:01:18)	 (Not Inserted)
2 ,201 , BWRL , C , 1 , 25/01/2022 00:00:00 , B, 	(21-FEB-2025 15:01:18)	 (Not Inserted)
2 ,201 , BWRL , C , 2 , 25/01/2022 00:00:00 , B, 	(21-FEB-2025 15:01:18)	 (Not Inserted)
2 ,276 , VIRGO , C , 3 , 06/01/2024 00:00:00 , B, 	(21-FEB-2025 15:01:18)	 (Not Inserted)
2 ,276 , VIRGO , C , 1 , 14/02/2022 00:00:00 , B, 	(21-FEB-2025 15:01:18)	 (Not Inserted)
2 ,276 , VIRGO , C , 3 , 10/03/2023 00:00:00 , B, 	(21-FEB-2025 15:01:18)	 (Not Inserted)
2 ,276 , VIRGO , C , 2 , 14/02/2022 00:00:00 , B, 	(21-FEB-2025 15:01:18)	 (Not Inserted)
2 ,276 , VIRGO , C , 3 , 06/01/2024 00:00:00 , B, 	(21-FEB-2025 15:01:18)	 (Not Inserted)
2 ,276 , VIRGO , C , 1 , 14/02/2022 00:00:00 , B, 	(21-FEB-2025 15:01:18)	 (Not Inserted)
2 ,276 , VIRGO , C , 3 , 10/03/2023 00:00:00 , B, 	(21-FEB-2025 15:01:18)	 (Not Inserted)
2 ,276 , VIRGO , C , 2 , 14/02/2022 00:00:00 , B, 	(21-FEB-2025 15:01:18)	 (Not Inserted)
2 ,196 , BLPL , C , 1 , 26/05/2022 00:00:00 , B, 	(21-FEB-2025 15:01:18)	 (Not Inserted)
2 ,196 , BLPL , C , 1 , 26/05/2022 00:00:00 , B, 	(21-FEB-2025 15:01:18)	 (Not Inserted)
2 ,223 , GIPSKARTON , C , 1 , 24/03/2022 00:00:00 , P1, 	(21-FEB-2025 15:01:18)	 (Not Inserted)
2 ,223 , GIPSKARTON , C , 1 , 24/03/2022 00:00:00 , P1, 	(21-FEB-2025 15:01:18)	 (Not Inserted)
2 ,270 , TGPL , T , 2 , 28/04/2005 00:00:00 , C, 	(21-FEB-2025 15:01:18)	 (Not Inserted)
2 ,270 , TGPL , T , 4 , 28/04/2005 00:00:00 , C, 	(21-FEB-2025 15:01:18)	 (Not Inserted)
2 ,270 , TGPL , T , 3 , 27/04/2009 00:00:00 , C, 	(21-FEB-2025 15:01:18)	 (Not Inserted)
2 ,270 , TGPL , T , 1 , 28/04/2005 00:00:00 , C, 	(21-FEB-2025 15:01:18)	 (Not Inserted)
2 ,270 , TGPL , T , 2 , 28/04/2005 00:00:00 , C, 	(21-FEB-2025 15:01:18)	 (Not Inserted)
2 ,270 , TGPL , T , 4 , 28/04/2005 00:00:00 , C, 	(21-FEB-2025 15:01:18)	 (Not Inserted)
2 ,270 , TGPL , T , 3 , 27/04/2009 00:00:00 , C, 	(21-FEB-2025 15:01:18)	 (Not Inserted)
2 ,270 , TGPL , T , 1 , 28/04/2005 00:00:00 , C, 	(21-FEB-2025 15:01:18)	 (Not Inserted)
2 ,116 , SELNG , T , 3 , 29/04/2005 00:00:00 , 0, 	(21-FEB-2025 15:01:18)	 (Not Inserted)
2 ,116 , SELNG , T , 1 , 03/10/2008 00:00:00 , 0, 	(21-FEB-2025 15:01:18)	 (Not Inserted)
2 ,116 , SELNG , T , 1 , 29/04/2005 00:00:00 , C, 	(21-FEB-2025 15:01:18)	 (Not Inserted)
2 ,116 , SELNG , T , 2 , 29/04/2005 00:00:00 , C, 	(21-FEB-2025 15:01:18)	 (Not Inserted)
2 ,116 , SELNG , T , 4 , 29/04/2005 00:00:00 , C, 	(21-FEB-2025 15:01:18)	 (Not Inserted)
2 ,116 , SELNG , T , 6 , 29/04/2005 00:00:00 , C, 	(21-FEB-2025 15:01:18)	 (Not Inserted)
2 ,116 , SELNG , T , 5 , 29/04/2005 00:00:00 , C, 	(21-FEB-2025 15:01:18)	 (Not Inserted)
2 ,116 , SELNG , T , 3 , 29/04/2005 00:00:00 , 0, 	(21-FEB-2025 15:01:18)	 (Not Inserted)
2 ,116 , SELNG , T , 1 , 03/10/2008 00:00:00 , 0, 	(21-FEB-2025 15:01:18)	 (Not Inserted)
2 ,116 , SELNG , T , 1 , 29/04/2005 00:00:00 , C, 	(21-FEB-2025 15:01:18)	 (Not Inserted)
2 ,116 , SELNG , T , 2 , 29/04/2005 00:00:00 , C, 	(21-FEB-2025 15:01:18)	 (Not Inserted)
2 ,116 , SELNG , T , 4 , 29/04/2005 00:00:00 , C, 	(21-FEB-2025 15:01:18)	 (Not Inserted)
2 ,116 , SELNG , T , 6 , 29/04/2005 00:00:00 , C, 	(21-FEB-2025 15:01:18)	 (Not Inserted)
2 ,116 , SELNG , T , 5 , 29/04/2005 00:00:00 , C, 	(21-FEB-2025 15:01:18)	 (Not Inserted)
2 , , PIL-Haz , R , 1 , 14/09/2008 00:00:00 , C, 	(21-FEB-2025 15:01:18)	 (Not Inserted)
2 , , PIL-Haz , R , 2 , 14/09/2008 00:00:00 , C, 	(21-FEB-2025 15:01:18)	 (Not Inserted)
2 , , PIL-Haz , R , 3 , 14/09/2008 00:00:00 , 0, 	(21-FEB-2025 15:01:18)	 (Not Inserted)
2 , , PIL-Haz , R , 1 , 14/09/2008 00:00:00 , C, 	(21-FEB-2025 15:01:18)	 (Not Inserted)
2 , , PIL-Haz , R , 2 , 14/09/2008 00:00:00 , C, 	(21-FEB-2025 15:01:18)	 (Not Inserted)
2 , , PIL-Haz , R , 3 , 14/09/2008 00:00:00 , 0, 	(21-FEB-2025 15:01:18)	 (Not Inserted)
2 ,45 , GSPL , R , 7 , 01/09/2023 00:00:00 , C, 	(21-FEB-2025 15:01:18)	 (Not Inserted)
2 ,45 , GSPL , R , 9 , 01/09/2023 00:00:00 , C, 	(21-FEB-2025 15:01:18)	 (Not Inserted)
2 ,45 , GSPL , R , 12 , 01/03/2024 00:00:00 , C, 	(21-FEB-2025 15:01:18)	 (Not Inserted)
2 ,45 , GSPL , R , 5 , 01/09/2023 00:00:00 , C, 	(21-FEB-2025 15:01:18)	 (Not Inserted)
2 ,45 , GSPL , R , 1 , 21/04/2006 00:00:00 , C, 	(21-FEB-2025 15:01:18)	 (Not Inserted)
2 ,45 , GSPL , R , 3 , 21/04/2006 00:00:00 , C, 	(21-FEB-2025 15:01:18)	 (Not Inserted)
2 ,45 , GSPL , R , 2 , 21/04/2006 00:00:00 , C, 	(21-FEB-2025 15:01:18)	 (Not Inserted)
2 ,45 , GSPL , R , 6 , 01/09/2023 00:00:00 , C, 	(21-FEB-2025 15:01:18)	 (Not Inserted)
2 ,45 , GSPL , R , 8 , 01/09/2023 00:00:00 , C, 	(21-FEB-2025 15:01:18)	 (Not Inserted)
2 ,45 , GSPL , R , 10 , 01/09/2023 00:00:00 , C, 	(21-FEB-2025 15:01:18)	 (Not Inserted)
2 ,45 , GSPL , R , 11 , 01/09/2023 00:00:00 , C, 	(21-FEB-2025 15:01:18)	 (Not Inserted)
2 ,45 , GSPL , R , 12 , 23/04/2024 00:00:00 , C, 	(21-FEB-2025 15:01:18)	 (Not Inserted)
2 ,45 , GSPL , R , 4 , 01/09/2023 00:00:00 , C, 	(21-FEB-2025 15:01:18)	 (Not Inserted)
2 ,45 , GSPL , R , 7 , 01/09/2023 00:00:00 , C, 	(21-FEB-2025 15:01:18)	 (Not Inserted)
2 ,45 , GSPL , R , 9 , 01/09/2023 00:00:00 , C, 	(21-FEB-2025 15:01:18)	 (Not Inserted)
2 ,45 , GSPL , R , 12 , 01/03/2024 00:00:00 , C, 	(21-FEB-2025 15:01:18)	 (Not Inserted)
2 ,45 , GSPL , R , 5 , 01/09/2023 00:00:00 , C, 	(21-FEB-2025 15:01:18)	 (Not Inserted)
2 ,45 , GSPL , R , 1 , 21/04/2006 00:00:00 , C, 	(21-FEB-2025 15:01:18)	 (Not Inserted)
2 ,45 , GSPL , R , 3 , 21/04/2006 00:00:00 , C, 	(21-FEB-2025 15:01:18)	 (Not Inserted)
2 ,45 , GSPL , R , 2 , 21/04/2006 00:00:00 , C, 	(21-FEB-2025 15:01:18)	 (Not Inserted)
2 ,45 , GSPL , R , 6 , 01/09/2023 00:00:00 , C, 	(21-FEB-2025 15:01:18)	 (Not Inserted)
2 ,45 , GSPL , R , 8 , 01/09/2023 00:00:00 , C, 	(21-FEB-2025 15:01:18)	 (Not Inserted)
2 ,45 , GSPL , R , 10 , 01/09/2023 00:00:00 , C, 	(21-FEB-2025 15:01:18)	 (Not Inserted)
2 ,45 , GSPL , R , 11 , 01/09/2023 00:00:00 , C, 	(21-FEB-2025 15:01:18)	 (Not Inserted)
2 ,45 , GSPL , R , 12 , 23/04/2024 00:00:00 , C, 	(21-FEB-2025 15:01:18)	 (Not Inserted)
2 ,45 , GSPL , R , 4 , 01/09/2023 00:00:00 , C, 	(21-FEB-2025 15:01:18)	 (Not Inserted)
2 , , GAIL-Haz , R , 2 , 08/03/2007 00:00:00 , 0, 	(21-FEB-2025 15:01:18)	 (Not Inserted)
2 , , GAIL-Haz , R , 1 , 08/03/2007 00:00:00 , B, 	(21-FEB-2025 15:01:18)	 (Not Inserted)
2 , , GAIL-Haz , R , 2 , 08/03/2007 00:00:00 , 0, 	(21-FEB-2025 15:01:18)	 (Not Inserted)
2 , , GAIL-Haz , R , 1 , 08/03/2007 00:00:00 , B, 	(21-FEB-2025 15:01:18)	 (Not Inserted)
2 ,46 , TGLPL , C , 1 , 29/04/2022 00:00:00 , P1, 	(21-FEB-2025 15:01:18)	 (Not Inserted)
2 ,46 , TGLPL , C , 1 , 01/07/2022 00:00:00 , P2, 	(21-FEB-2025 15:01:18)	 (Not Inserted)
2 ,46 , TGLPL , C , 9 , 01/12/2022 00:00:00 , P1, 	(21-FEB-2025 15:01:18)	 (Not Inserted)
2 ,46 , TGLPL , C , 3 , 15/07/2022 00:00:00 , P1, 	(21-FEB-2025 15:01:18)	 (Not Inserted)
2 ,46 , TGLPL , C , 3 , 01/07/2022 00:00:00 , P2, 	(21-FEB-2025 15:01:18)	 (Not Inserted)
2 ,46 , TGLPL , C , 4 , 15/07/2022 00:00:00 , P1, 	(21-FEB-2025 15:01:18)	 (Not Inserted)
2 ,46 , TGLPL , C , 4 , 01/07/2022 00:00:00 , P2, 	(21-FEB-2025 15:01:18)	 (Not Inserted)
2 ,46 , TGLPL , C , 4 , 01/08/2024 00:00:00 , P1, 	(21-FEB-2025 15:01:18)	 (Not Inserted)
2 ,46 , TGLPL , C , 4 , 01/08/2024 00:00:00 , P2, 	(21-FEB-2025 15:01:18)	 (Not Inserted)
2 ,46 , TGLPL , C , 2 , 29/04/2022 00:00:00 , P1, 	(21-FEB-2025 15:01:18)	 (Not Inserted)
2 ,46 , TGLPL , C , 2 , 01/07/2022 00:00:00 , P2, 	(21-FEB-2025 15:01:18)	 (Not Inserted)
2 ,46 , TGLPL , C , 1 , 29/04/2022 00:00:00 , P1, 	(21-FEB-2025 15:01:18)	 (Not Inserted)
2 ,46 , TGLPL , C , 1 , 01/07/2022 00:00:00 , P2, 	(21-FEB-2025 15:01:18)	 (Not Inserted)
2 ,46 , TGLPL , C , 9 , 01/12/2022 00:00:00 , P1, 	(21-FEB-2025 15:01:18)	 (Not Inserted)
2 ,46 , TGLPL , C , 3 , 15/07/2022 00:00:00 , P1, 	(21-FEB-2025 15:01:18)	 (Not Inserted)
2 ,46 , TGLPL , C , 3 , 01/07/2022 00:00:00 , P2, 	(21-FEB-2025 15:01:18)	 (Not Inserted)
2 ,46 , TGLPL , C , 4 , 15/07/2022 00:00:00 , P1, 	(21-FEB-2025 15:01:18)	 (Not Inserted)
2 ,46 , TGLPL , C , 4 , 01/07/2022 00:00:00 , P2, 	(21-FEB-2025 15:01:18)	 (Not Inserted)
2 ,46 , TGLPL , C , 4 , 01/08/2024 00:00:00 , P1, 	(21-FEB-2025 15:01:18)	 (Not Inserted)
2 ,46 , TGLPL , C , 4 , 01/08/2024 00:00:00 , P2, 	(21-FEB-2025 15:01:18)	 (Not Inserted)
2 ,46 , TGLPL , C , 2 , 29/04/2022 00:00:00 , P1, 	(21-FEB-2025 15:01:18)	 (Not Inserted)
2 ,46 , TGLPL , C , 2 , 01/07/2022 00:00:00 , P2, 	(21-FEB-2025 15:01:18)	 (Not Inserted)
2 ,47 , TGBPL , C , 1 , 29/04/2022 00:00:00 , P1, 	(21-FEB-2025 15:01:18)	 (Not Inserted)
2 ,47 , TGBPL , C , 1 , 29/04/2022 00:00:00 , P2, 	(21-FEB-2025 15:01:18)	 (Not Inserted)
2 ,47 , TGBPL , C , 4 , 29/04/2022 00:00:00 , P1, 	(21-FEB-2025 15:01:18)	 (Not Inserted)
2 ,47 , TGBPL , C , 4 , 29/04/2022 00:00:00 , P2, 	(21-FEB-2025 15:01:18)	 (Not Inserted)
2 ,47 , TGBPL , C , 5 , 29/04/2022 00:00:00 , P1, 	(21-FEB-2025 15:01:18)	 (Not Inserted)
2 ,47 , TGBPL , C , 3 , 29/04/2022 00:00:00 , P1, 	(21-FEB-2025 15:01:18)	 (Not Inserted)
2 ,47 , TGBPL , C , 3 , 01/08/2024 00:00:00 , P1, 	(21-FEB-2025 15:01:18)	 (Not Inserted)
2 ,47 , TGBPL , C , 3 , 01/08/2024 00:00:00 , P2, 	(21-FEB-2025 15:01:18)	 (Not Inserted)
2 ,47 , TGBPL , C , 2 , 29/04/2022 00:00:00 , P1, 	(21-FEB-2025 15:01:18)	 (Not Inserted)
2 ,47 , TGBPL , C , 2 , 29/04/2022 00:00:00 , P2, 	(21-FEB-2025 15:01:18)	 (Not Inserted)
2 ,47 , TGBPL , C , 1 , 29/04/2022 00:00:00 , P1, 	(21-FEB-2025 15:01:18)	 (Not Inserted)
2 ,47 , TGBPL , C , 1 , 29/04/2022 00:00:00 , P2, 	(21-FEB-2025 15:01:18)	 (Not Inserted)
2 ,47 , TGBPL , C , 4 , 29/04/2022 00:00:00 , P1, 	(21-FEB-2025 15:01:18)	 (Not Inserted)
2 ,47 , TGBPL , C , 4 , 29/04/2022 00:00:00 , P2, 	(21-FEB-2025 15:01:18)	 (Not Inserted)
2 ,47 , TGBPL , C , 5 , 29/04/2022 00:00:00 , P1, 	(21-FEB-2025 15:01:18)	 (Not Inserted)
2 ,47 , TGBPL , C , 3 , 29/04/2022 00:00:00 , P1, 	(21-FEB-2025 15:01:18)	 (Not Inserted)
2 ,47 , TGBPL , C , 3 , 01/08/2024 00:00:00 , P1, 	(21-FEB-2025 15:01:18)	 (Not Inserted)
2 ,47 , TGBPL , C , 3 , 01/08/2024 00:00:00 , P2, 	(21-FEB-2025 15:01:18)	 (Not Inserted)
2 ,47 , TGBPL , C , 2 , 29/04/2022 00:00:00 , P1, 	(21-FEB-2025 15:01:18)	 (Not Inserted)
2 ,47 , TGBPL , C , 2 , 29/04/2022 00:00:00 , P2, 	(21-FEB-2025 15:01:18)	 (Not Inserted)
2 ,48 , BGEPL , C , 1 , 29/04/2022 00:00:00 , B, 	(21-FEB-2025 15:01:18)	 (Not Inserted)
2 ,48 , BGEPL , C , 4 , 29/04/2022 00:00:00 , B, 	(21-FEB-2025 15:01:18)	 (Not Inserted)
2 ,48 , BGEPL , C , 5 , 29/04/2022 00:00:00 , B, 	(21-FEB-2025 15:01:18)	 (Not Inserted)
2 ,48 , BGEPL , C , 3 , 29/04/2022 00:00:00 , B, 	(21-FEB-2025 15:01:18)	 (Not Inserted)
2 ,48 , BGEPL , C , 3 , 01/08/2024 00:00:00 , B, 	(21-FEB-2025 15:01:18)	 (Not Inserted)
2 ,48 , BGEPL , C , 2 , 29/04/2022 00:00:00 , B, 	(21-FEB-2025 15:01:18)	 (Not Inserted)
2 ,48 , BGEPL , C , 1 , 29/04/2022 00:00:00 , B, 	(21-FEB-2025 15:01:18)	 (Not Inserted)
2 ,48 , BGEPL , C , 4 , 29/04/2022 00:00:00 , B, 	(21-FEB-2025 15:01:18)	 (Not Inserted)
2 ,48 , BGEPL , C , 5 , 29/04/2022 00:00:00 , B, 	(21-FEB-2025 15:01:18)	 (Not Inserted)
2 ,48 , BGEPL , C , 3 , 29/04/2022 00:00:00 , B, 	(21-FEB-2025 15:01:18)	 (Not Inserted)
2 ,48 , BGEPL , C , 3 , 01/08/2024 00:00:00 , B, 	(21-FEB-2025 15:01:18)	 (Not Inserted)
2 ,48 , BGEPL , C , 2 , 29/04/2022 00:00:00 , B, 	(21-FEB-2025 15:01:18)	 (Not Inserted)
2 ,231 , IMCL , C , 1 , 15/05/2022 00:00:00 , B, 	(21-FEB-2025 15:01:18)	 (Not Inserted)
2 ,231 , IMCL , C , 1 , 15/05/2022 00:00:00 , B, 	(21-FEB-2025 15:01:18)	 (Not Inserted)
2 ,49 , VVF India , C , 4 , 14/05/2022 00:00:00 , B, 	(21-FEB-2025 15:01:18)	 (Not Inserted)
2 ,49 , VVF India , C , 3 , 14/05/2022 00:00:00 , P1, 	(21-FEB-2025 15:01:18)	 (Not Inserted)
2 ,49 , VVF India , C , 2 , 14/05/2022 00:00:00 , P1, 	(21-FEB-2025 15:01:18)	 (Not Inserted)
2 ,49 , VVF India , C , 1 , 14/05/2022 00:00:00 , P1, 	(21-FEB-2025 15:01:18)	 (Not Inserted)
2 ,49 , VVF India , C , 4 , 14/05/2022 00:00:00 , B, 	(21-FEB-2025 15:01:18)	 (Not Inserted)
2 ,49 , VVF India , C , 3 , 14/05/2022 00:00:00 , P1, 	(21-FEB-2025 15:01:18)	 (Not Inserted)
2 ,49 , VVF India , C , 2 , 14/05/2022 00:00:00 , P1, 	(21-FEB-2025 15:01:18)	 (Not Inserted)
2 ,49 , VVF India , C , 1 , 14/05/2022 00:00:00 , P1, 	(21-FEB-2025 15:01:18)	 (Not Inserted)
2 ,50 , GNFC , C , 3 , 24/05/2022 00:00:00 , B, 	(21-FEB-2025 15:01:18)	 (Not Inserted)
2 ,50 , GNFC , C , 6 , 24/05/2022 00:00:00 , B, 	(21-FEB-2025 15:01:18)	 (Not Inserted)
2 ,50 , GNFC , C , 4 , 26/06/2023 00:00:00 , B, 	(21-FEB-2025 15:01:18)	 (Not Inserted)
2 ,50 , GNFC , C , 4 , 24/05/2022 00:00:00 , B, 	(21-FEB-2025 15:01:18)	 (Not Inserted)
2 ,50 , GNFC , C , 9 , 24/05/2022 00:00:00 , B, 	(21-FEB-2025 15:01:18)	 (Not Inserted)
2 ,50 , GNFC , C , 10 , 24/05/2022 00:00:00 , B, 	(21-FEB-2025 15:01:18)	 (Not Inserted)
2 ,50 , GNFC , C , 2 , 24/05/2022 00:00:00 , B, 	(21-FEB-2025 15:01:18)	 (Not Inserted)
2 ,50 , GNFC , C , 1 , 24/05/2022 00:00:00 , B, 	(21-FEB-2025 15:01:18)	 (Not Inserted)
2 ,50 , GNFC , C , 5 , 24/05/2022 00:00:00 , B, 	(21-FEB-2025 15:01:18)	 (Not Inserted)
2 ,50 , GNFC , C , 7 , 24/05/2022 00:00:00 , B, 	(21-FEB-2025 15:01:18)	 (Not Inserted)
2 ,50 , GNFC , C , 8 , 24/05/2022 00:00:00 , B, 	(21-FEB-2025 15:01:18)	 (Not Inserted)
2 ,50 , GNFC , C , 3 , 24/05/2022 00:00:00 , B, 	(21-FEB-2025 15:01:18)	 (Not Inserted)
2 ,50 , GNFC , C , 6 , 24/05/2022 00:00:00 , B, 	(21-FEB-2025 15:01:18)	 (Not Inserted)
2 ,50 , GNFC , C , 4 , 26/06/2023 00:00:00 , B, 	(21-FEB-2025 15:01:18)	 (Not Inserted)
2 ,50 , GNFC , C , 4 , 24/05/2022 00:00:00 , B, 	(21-FEB-2025 15:01:18)	 (Not Inserted)
2 ,50 , GNFC , C , 9 , 24/05/2022 00:00:00 , B, 	(21-FEB-2025 15:01:18)	 (Not Inserted)
2 ,50 , GNFC , C , 10 , 24/05/2022 00:00:00 , B, 	(21-FEB-2025 15:01:18)	 (Not Inserted)
2 ,50 , GNFC , C , 2 , 24/05/2022 00:00:00 , B, 	(21-FEB-2025 15:01:18)	 (Not Inserted)
2 ,50 , GNFC , C , 1 , 24/05/2022 00:00:00 , B, 	(21-FEB-2025 15:01:18)	 (Not Inserted)
2 ,50 , GNFC , C , 5 , 24/05/2022 00:00:00 , B, 	(21-FEB-2025 15:01:18)	 (Not Inserted)
2 ,50 , GNFC , C , 7 , 24/05/2022 00:00:00 , B, 	(21-FEB-2025 15:01:18)	 (Not Inserted)
2 ,50 , GNFC , C , 8 , 24/05/2022 00:00:00 , B, 	(21-FEB-2025 15:01:18)	 (Not Inserted)
2 ,140 , MEGHHQX , C , 1 , 22/11/2022 00:00:00 , P1, 	(21-FEB-2025 15:01:18)	 (Not Inserted)
2 ,140 , MEGHHQX , C , 2 , 22/11/2022 00:00:00 , P1, 	(21-FEB-2025 15:01:18)	 (Not Inserted)
2 ,140 , MEGHHQX , C , 1 , 22/11/2022 00:00:00 , P1, 	(21-FEB-2025 15:01:18)	 (Not Inserted)
2 ,140 , MEGHHQX , C , 2 , 22/11/2022 00:00:00 , P1, 	(21-FEB-2025 15:01:18)	 (Not Inserted)
2 ,52 , GLIL , C , 1 , 30/08/2022 00:00:00 , P1, 	(21-FEB-2025 15:01:18)	 (Not Inserted)
2 ,52 , GLIL , C , 1 , 30/08/2022 00:00:00 , P2, 	(21-FEB-2025 15:01:18)	 (Not Inserted)
2 ,52 , GLIL , C , 1 , 30/08/2022 00:00:00 , P3, 	(21-FEB-2025 15:01:18)	 (Not Inserted)
2 ,52 , GLIL , C , 1 , 28/03/2023 00:00:00 , P4, 	(21-FEB-2025 15:01:18)	 (Not Inserted)
2 ,52 , GLIL , C , 1 , 01/06/2023 00:00:00 , P5, 	(21-FEB-2025 15:01:18)	 (Not Inserted)
2 ,52 , GLIL , C , 1 , 01/06/2023 00:00:00 , P6, 	(21-FEB-2025 15:01:18)	 (Not Inserted)
2 ,52 , GLIL , C , 1 , 01/06/2023 00:00:00 , P7, 	(21-FEB-2025 15:01:18)	 (Not Inserted)
2 ,52 , GLIL , C , 5 , 28/03/2023 00:00:00 , P4, 	(21-FEB-2025 15:01:18)	 (Not Inserted)
2 ,52 , GLIL , C , 6 , 21/04/2023 00:00:00 , P4, 	(21-FEB-2025 15:01:18)	 (Not Inserted)
2 ,52 , GLIL , C , 1 , 30/08/2022 00:00:00 , P1, 	(21-FEB-2025 15:01:18)	 (Not Inserted)
2 ,52 , GLIL , C , 1 , 30/08/2022 00:00:00 , P2, 	(21-FEB-2025 15:01:18)	 (Not Inserted)
2 ,52 , GLIL , C , 1 , 30/08/2022 00:00:00 , P3, 	(21-FEB-2025 15:01:18)	 (Not Inserted)
2 ,52 , GLIL , C , 1 , 28/03/2023 00:00:00 , P4, 	(21-FEB-2025 15:01:18)	 (Not Inserted)
2 ,52 , GLIL , C , 1 , 01/06/2023 00:00:00 , P5, 	(21-FEB-2025 15:01:18)	 (Not Inserted)
2 ,52 , GLIL , C , 1 , 01/06/2023 00:00:00 , P6, 	(21-FEB-2025 15:01:18)	 (Not Inserted)
2 ,52 , GLIL , C , 1 , 01/06/2023 00:00:00 , P7, 	(21-FEB-2025 15:01:18)	 (Not Inserted)
2 ,52 , GLIL , C , 5 , 28/03/2023 00:00:00 , P4, 	(21-FEB-2025 15:01:18)	 (Not Inserted)
2 ,52 , GLIL , C , 6 , 21/04/2023 00:00:00 , P4, 	(21-FEB-2025 15:01:18)	 (Not Inserted)
2 ,255 , SGI-AP , C , 1 , 27/06/2022 00:00:00 , B, 	(21-FEB-2025 15:01:18)	 (Not Inserted)
2 ,255 , SGI-AP , C , 2 , 09/01/2023 00:00:00 , B, 	(21-FEB-2025 15:01:18)	 (Not Inserted)
2 ,255 , SGI-AP , C , 1 , 27/06/2022 00:00:00 , B, 	(21-FEB-2025 15:01:18)	 (Not Inserted)
2 ,255 , SGI-AP , C , 2 , 09/01/2023 00:00:00 , B, 	(21-FEB-2025 15:01:18)	 (Not Inserted)
2 ,117 , PEPL , C , 5 , 15/03/2024 00:00:00 , R, 	(21-FEB-2025 15:01:18)	 (Not Inserted)
2 ,117 , PEPL , C , 6 , 15/07/2022 00:00:00 , R, 	(21-FEB-2025 15:01:18)	 (Not Inserted)
2 ,117 , PEPL , C , 5 , 15/07/2022 00:00:00 , R, 	(21-FEB-2025 15:01:18)	 (Not Inserted)
2 ,117 , PEPL , C , 3 , 15/03/2024 00:00:00 , R, 	(21-FEB-2025 15:01:18)	 (Not Inserted)
2 ,117 , PEPL , C , 2 , 15/07/2022 00:00:00 , R, 	(21-FEB-2025 15:01:18)	 (Not Inserted)
2 ,117 , PEPL , C , 4 , 15/03/2024 00:00:00 , R, 	(21-FEB-2025 15:01:18)	 (Not Inserted)
2 ,117 , PEPL , C , 4 , 15/07/2022 00:00:00 , R, 	(21-FEB-2025 15:01:18)	 (Not Inserted)
2 ,117 , PEPL , C , 1 , 26/02/2024 00:00:00 , P2, 	(21-FEB-2025 15:01:18)	 (Not Inserted)
2 ,117 , PEPL , C , 1 , 01/06/2024 00:00:00 , P1, 	(21-FEB-2025 15:01:18)	 (Not Inserted)
2 ,117 , PEPL , C , 6 , 15/03/2024 00:00:00 , R, 	(21-FEB-2025 15:01:18)	 (Not Inserted)
2 ,117 , PEPL , C , 3 , 15/07/2022 00:00:00 , R, 	(21-FEB-2025 15:01:18)	 (Not Inserted)
2 ,117 , PEPL , C , 1 , 15/07/2022 00:00:00 , R, 	(21-FEB-2025 15:01:18)	 (Not Inserted)
2 ,117 , PEPL , C , 2 , 26/02/2024 00:00:00 , P2, 	(21-FEB-2025 15:01:18)	 (Not Inserted)
2 ,117 , PEPL , C , 5 , 15/03/2024 00:00:00 , R, 	(21-FEB-2025 15:01:18)	 (Not Inserted)
2 ,117 , PEPL , C , 6 , 15/07/2022 00:00:00 , R, 	(21-FEB-2025 15:01:18)	 (Not Inserted)
2 ,117 , PEPL , C , 5 , 15/07/2022 00:00:00 , R, 	(21-FEB-2025 15:01:18)	 (Not Inserted)
2 ,117 , PEPL , C , 3 , 15/03/2024 00:00:00 , R, 	(21-FEB-2025 15:01:18)	 (Not Inserted)
2 ,117 , PEPL , C , 2 , 15/07/2022 00:00:00 , R, 	(21-FEB-2025 15:01:18)	 (Not Inserted)
2 ,117 , PEPL , C , 4 , 15/03/2024 00:00:00 , R, 	(21-FEB-2025 15:01:18)	 (Not Inserted)
2 ,117 , PEPL , C , 4 , 15/07/2022 00:00:00 , R, 	(21-FEB-2025 15:01:18)	 (Not Inserted)
2 ,117 , PEPL , C , 1 , 26/02/2024 00:00:00 , P2, 	(21-FEB-2025 15:01:18)	 (Not Inserted)
2 ,117 , PEPL , C , 1 , 01/06/2024 00:00:00 , P1, 	(21-FEB-2025 15:01:18)	 (Not Inserted)
2 ,117 , PEPL , C , 6 , 15/03/2024 00:00:00 , R, 	(21-FEB-2025 15:01:18)	 (Not Inserted)
2 ,117 , PEPL , C , 3 , 15/07/2022 00:00:00 , R, 	(21-FEB-2025 15:01:18)	 (Not Inserted)
2 ,117 , PEPL , C , 1 , 15/07/2022 00:00:00 , R, 	(21-FEB-2025 15:01:18)	 (Not Inserted)
2 ,117 , PEPL , C , 2 , 26/02/2024 00:00:00 , P2, 	(21-FEB-2025 15:01:18)	 (Not Inserted)
2 ,54 , GFCL , C , 4 , 14/07/2022 00:00:00 , B, 	(21-FEB-2025 15:01:18)	 (Not Inserted)
2 ,54 , GFCL , C , 3 , 14/07/2022 00:00:00 , B, 	(21-FEB-2025 15:01:18)	 (Not Inserted)
2 ,54 , GFCL , C , 5 , 14/07/2022 00:00:00 , B, 	(21-FEB-2025 15:01:18)	 (Not Inserted)
2 ,54 , GFCL , C , 2 , 14/07/2022 00:00:00 , B, 	(21-FEB-2025 15:01:18)	 (Not Inserted)
2 ,54 , GFCL , C , 1 , 14/07/2022 00:00:00 , B, 	(21-FEB-2025 15:01:18)	 (Not Inserted)
2 ,54 , GFCL , C , 4 , 14/07/2022 00:00:00 , B, 	(21-FEB-2025 15:01:18)	 (Not Inserted)
2 ,54 , GFCL , C , 3 , 14/07/2022 00:00:00 , B, 	(21-FEB-2025 15:01:18)	 (Not Inserted)
2 ,54 , GFCL , C , 5 , 14/07/2022 00:00:00 , B, 	(21-FEB-2025 15:01:18)	 (Not Inserted)
2 ,54 , GFCL , C , 2 , 14/07/2022 00:00:00 , B, 	(21-FEB-2025 15:01:18)	 (Not Inserted)
2 ,54 , GFCL , C , 1 , 14/07/2022 00:00:00 , B, 	(21-FEB-2025 15:01:18)	 (Not Inserted)
2 ,55 , CPL , C , 4 , 01/12/2023 00:00:00 , 1, 	(21-FEB-2025 15:01:18)	 (Not Inserted)
2 ,55 , CPL , C , 1 , 16/08/2022 00:00:00 , 1, 	(21-FEB-2025 15:01:18)	 (Not Inserted)
2 ,55 , CPL , C , 2 , 16/08/2022 00:00:00 , 1, 	(21-FEB-2025 15:01:18)	 (Not Inserted)
2 ,55 , CPL , C , 5 , 01/01/2024 00:00:00 , 1, 	(21-FEB-2025 15:01:18)	 (Not Inserted)
2 ,55 , CPL , C , 3 , 11/12/2023 00:00:00 , 1, 	(21-FEB-2025 15:01:18)	 (Not Inserted)
2 ,55 , CPL , C , 4 , 01/12/2023 00:00:00 , 1, 	(21-FEB-2025 15:01:18)	 (Not Inserted)
2 ,55 , CPL , C , 1 , 16/08/2022 00:00:00 , 1, 	(21-FEB-2025 15:01:18)	 (Not Inserted)
2 ,55 , CPL , C , 2 , 16/08/2022 00:00:00 , 1, 	(21-FEB-2025 15:01:18)	 (Not Inserted)
2 ,55 , CPL , C , 5 , 01/01/2024 00:00:00 , 1, 	(21-FEB-2025 15:01:18)	 (Not Inserted)
2 ,55 , CPL , C , 3 , 11/12/2023 00:00:00 , 1, 	(21-FEB-2025 15:01:18)	 (Not Inserted)
2 ,56 , IRM , C , 2 , 01/09/2022 00:00:00 , R, 	(21-FEB-2025 15:01:18)	 (Not Inserted)
2 ,56 , IRM , C , 2 , 24/08/2022 00:00:00 , R, 	(21-FEB-2025 15:01:18)	 (Not Inserted)
2 ,56 , IRM , C , 2 , 24/08/2022 00:00:00 , R, 	(21-FEB-2025 15:01:18)	 (Not Inserted)
2 ,56 , IRM , C , 2 , 14/09/2022 00:00:00 , R, 	(21-FEB-2025 15:01:18)	 (Not Inserted)
2 ,56 , IRM , C , 2 , 14/09/2022 00:00:00 , R, 	(21-FEB-2025 15:01:18)	 (Not Inserted)
2 ,56 , IRM , C , 2 , 01/09/2022 00:00:00 , R, 	(21-FEB-2025 15:01:18)	 (Not Inserted)
2 ,56 , IRM , C , 1 , 01/09/2022 00:00:00 , P1, 	(21-FEB-2025 15:01:18)	 (Not Inserted)
2 ,56 , IRM , C , 1 , 01/09/2022 00:00:00 , P1, 	(21-FEB-2025 15:01:18)	 (Not Inserted)
2 ,56 , IRM , C , 1 , 14/09/2022 00:00:00 , P1, 	(21-FEB-2025 15:01:18)	 (Not Inserted)
2 ,56 , IRM , C , 1 , 24/08/2022 00:00:00 , R, 	(21-FEB-2025 15:01:18)	 (Not Inserted)
2 ,56 , IRM , C , 1 , 24/08/2022 00:00:00 , R, 	(21-FEB-2025 15:01:18)	 (Not Inserted)
2 ,56 , IRM , C , 1 , 14/09/2022 00:00:00 , P1, 	(21-FEB-2025 15:01:18)	 (Not Inserted)
2 ,56 , IRM , C , 2 , 01/09/2022 00:00:00 , R, 	(21-FEB-2025 15:01:18)	 (Not Inserted)
2 ,56 , IRM , C , 2 , 24/08/2022 00:00:00 , R, 	(21-FEB-2025 15:01:18)	 (Not Inserted)
2 ,56 , IRM , C , 2 , 24/08/2022 00:00:00 , R, 	(21-FEB-2025 15:01:18)	 (Not Inserted)
2 ,56 , IRM , C , 2 , 14/09/2022 00:00:00 , R, 	(21-FEB-2025 15:01:18)	 (Not Inserted)
2 ,56 , IRM , C , 2 , 14/09/2022 00:00:00 , R, 	(21-FEB-2025 15:01:18)	 (Not Inserted)
2 ,56 , IRM , C , 2 , 01/09/2022 00:00:00 , R, 	(21-FEB-2025 15:01:18)	 (Not Inserted)
2 ,56 , IRM , C , 1 , 01/09/2022 00:00:00 , P1, 	(21-FEB-2025 15:01:18)	 (Not Inserted)
2 ,56 , IRM , C , 1 , 01/09/2022 00:00:00 , P1, 	(21-FEB-2025 15:01:18)	 (Not Inserted)
2 ,56 , IRM , C , 1 , 14/09/2022 00:00:00 , P1, 	(21-FEB-2025 15:01:18)	 (Not Inserted)
2 ,56 , IRM , C , 1 , 24/08/2022 00:00:00 , R, 	(21-FEB-2025 15:01:18)	 (Not Inserted)
2 ,56 , IRM , C , 1 , 24/08/2022 00:00:00 , R, 	(21-FEB-2025 15:01:18)	 (Not Inserted)
2 ,56 , IRM , C , 1 , 14/09/2022 00:00:00 , P1, 	(21-FEB-2025 15:01:18)	 (Not Inserted)
2 ,57 , PPL , C , 2 , 30/08/2022 00:00:00 , B, 	(21-FEB-2025 15:01:18)	 (Not Inserted)
2 ,57 , PPL , C , 3 , 30/08/2022 00:00:00 , B, 	(21-FEB-2025 15:01:18)	 (Not Inserted)
2 ,57 , PPL , C , 1 , 30/08/2022 00:00:00 , B, 	(21-FEB-2025 15:01:18)	 (Not Inserted)
2 ,57 , PPL , C , 2 , 30/08/2022 00:00:00 , B, 	(21-FEB-2025 15:01:18)	 (Not Inserted)
2 ,57 , PPL , C , 3 , 30/08/2022 00:00:00 , B, 	(21-FEB-2025 15:01:18)	 (Not Inserted)
2 ,57 , PPL , C , 1 , 30/08/2022 00:00:00 , B, 	(21-FEB-2025 15:01:18)	 (Not Inserted)
2 ,58 , YARALTD , C , 3 , 06/09/2022 00:00:00 , 1, 	(21-FEB-2025 15:01:18)	 (Not Inserted)
2 ,58 , YARALTD , C , 2 , 06/09/2022 00:00:00 , 1, 	(21-FEB-2025 15:01:18)	 (Not Inserted)
2 ,58 , YARALTD , C , 4 , 06/09/2022 00:00:00 , 1, 	(21-FEB-2025 15:01:18)	 (Not Inserted)
2 ,58 , YARALTD , C , 1 , 06/09/2022 00:00:00 , 1, 	(21-FEB-2025 15:01:18)	 (Not Inserted)
2 ,58 , YARALTD , C , 1 , 01/10/2022 00:00:00 , 1, 	(21-FEB-2025 15:01:18)	 (Not Inserted)
2 ,58 , YARALTD , C , 3 , 06/09/2022 00:00:00 , 1, 	(21-FEB-2025 15:01:18)	 (Not Inserted)
2 ,58 , YARALTD , C , 2 , 06/09/2022 00:00:00 , 1, 	(21-FEB-2025 15:01:18)	 (Not Inserted)
2 ,58 , YARALTD , C , 4 , 06/09/2022 00:00:00 , 1, 	(21-FEB-2025 15:01:18)	 (Not Inserted)
2 ,58 , YARALTD , C , 1 , 06/09/2022 00:00:00 , 1, 	(21-FEB-2025 15:01:18)	 (Not Inserted)
2 ,58 , YARALTD , C , 1 , 01/10/2022 00:00:00 , 1, 	(21-FEB-2025 15:01:18)	 (Not Inserted)
2 ,59 , INPEROX , C , 1 , 15/09/2022 00:00:00 , P1, 	(21-FEB-2025 15:01:18)	 (Not Inserted)
2 ,59 , INPEROX , C , 2 , 23/11/2023 00:00:00 , P1, 	(21-FEB-2025 15:01:18)	 (Not Inserted)
2 ,59 , INPEROX , C , 1 , 15/09/2022 00:00:00 , P1, 	(21-FEB-2025 15:01:18)	 (Not Inserted)
2 ,59 , INPEROX , C , 2 , 23/11/2023 00:00:00 , P1, 	(21-FEB-2025 15:01:18)	 (Not Inserted)
2 ,124 , MGRPL , C , 1 , 01/12/2022 00:00:00 , 1, 	(21-FEB-2025 15:01:18)	 (Not Inserted)
2 ,124 , MGRPL , C , 3 , 01/12/2023 00:00:00 , R, 	(21-FEB-2025 15:01:18)	 (Not Inserted)
2 ,124 , MGRPL , C , 5 , 01/12/2023 00:00:00 , P2, 	(21-FEB-2025 15:01:18)	 (Not Inserted)
2 ,124 , MGRPL , C , 4 , 01/12/2023 00:00:00 , R, 	(21-FEB-2025 15:01:18)	 (Not Inserted)
2 ,124 , MGRPL , C , 2 , 01/12/2023 00:00:00 , R, 	(21-FEB-2025 15:01:18)	 (Not Inserted)
2 ,124 , MGRPL , C , 1 , 01/12/2022 00:00:00 , 1, 	(21-FEB-2025 15:01:18)	 (Not Inserted)
2 ,124 , MGRPL , C , 3 , 01/12/2023 00:00:00 , R, 	(21-FEB-2025 15:01:18)	 (Not Inserted)
2 ,124 , MGRPL , C , 5 , 01/12/2023 00:00:00 , P2, 	(21-FEB-2025 15:01:18)	 (Not Inserted)
2 ,124 , MGRPL , C , 4 , 01/12/2023 00:00:00 , R, 	(21-FEB-2025 15:01:18)	 (Not Inserted)
2 ,124 , MGRPL , C , 2 , 01/12/2023 00:00:00 , R, 	(21-FEB-2025 15:01:18)	 (Not Inserted)
2 ,208 , CNTENKA , C , 3 , 04/11/2022 00:00:00 , P1, 	(21-FEB-2025 15:01:18)	 (Not Inserted)
2 ,208 , CNTENKA , C , 1 , 17/10/2022 00:00:00 , P1, 	(21-FEB-2025 15:01:18)	 (Not Inserted)
2 ,208 , CNTENKA , C , 2 , 19/10/2022 00:00:00 , P1, 	(21-FEB-2025 15:01:18)	 (Not Inserted)
2 ,208 , CNTENKA , C , 3 , 04/11/2022 00:00:00 , P1, 	(21-FEB-2025 15:01:18)	 (Not Inserted)
2 ,208 , CNTENKA , C , 1 , 17/10/2022 00:00:00 , P1, 	(21-FEB-2025 15:01:18)	 (Not Inserted)
2 ,208 , CNTENKA , C , 2 , 19/10/2022 00:00:00 , P1, 	(21-FEB-2025 15:01:18)	 (Not Inserted)
2 ,61 , EFSPL , C , 3 , 01/04/2024 00:00:00 , P1, 	(21-FEB-2025 15:01:18)	 (Not Inserted)
2 ,61 , EFSPL , C , 2 , 01/04/2024 00:00:00 , P1, 	(21-FEB-2025 15:01:18)	 (Not Inserted)
2 ,61 , EFSPL , C , 1 , 01/04/2024 00:00:00 , P1, 	(21-FEB-2025 15:01:18)	 (Not Inserted)
2 ,61 , EFSPL , C , 3 , 01/04/2024 00:00:00 , P1, 	(21-FEB-2025 15:01:18)	 (Not Inserted)
2 ,61 , EFSPL , C , 2 , 01/04/2024 00:00:00 , P1, 	(21-FEB-2025 15:01:18)	 (Not Inserted)
2 ,61 , EFSPL , C , 1 , 01/04/2024 00:00:00 , P1, 	(21-FEB-2025 15:01:18)	 (Not Inserted)
2 ,158 , HINDURV , C , 3 , 28/02/2023 00:00:00 , P1, 	(21-FEB-2025 15:01:18)	 (Not Inserted)
2 ,158 , HINDURV , C , 1 , 28/02/2023 00:00:00 , P1, 	(21-FEB-2025 15:01:18)	 (Not Inserted)
2 ,158 , HINDURV , C , 5 , 02/03/2023 00:00:00 , P2, 	(21-FEB-2025 15:01:18)	 (Not Inserted)
2 ,158 , HINDURV , C , 4 , 28/02/2023 00:00:00 , P1, 	(21-FEB-2025 15:01:18)	 (Not Inserted)
2 ,158 , HINDURV , C , 2 , 28/02/2023 00:00:00 , P1, 	(21-FEB-2025 15:01:18)	 (Not Inserted)
2 ,158 , HINDURV , C , 6 , 02/03/2023 00:00:00 , P2, 	(21-FEB-2025 15:01:18)	 (Not Inserted)
2 ,158 , HINDURV , C , 3 , 28/02/2023 00:00:00 , P1, 	(21-FEB-2025 15:01:18)	 (Not Inserted)
2 ,158 , HINDURV , C , 1 , 28/02/2023 00:00:00 , P1, 	(21-FEB-2025 15:01:18)	 (Not Inserted)
2 ,158 , HINDURV , C , 5 , 02/03/2023 00:00:00 , P2, 	(21-FEB-2025 15:01:18)	 (Not Inserted)
2 ,158 , HINDURV , C , 4 , 28/02/2023 00:00:00 , P1, 	(21-FEB-2025 15:01:18)	 (Not Inserted)
2 ,158 , HINDURV , C , 2 , 28/02/2023 00:00:00 , P1, 	(21-FEB-2025 15:01:18)	 (Not Inserted)
2 ,158 , HINDURV , C , 6 , 02/03/2023 00:00:00 , P2, 	(21-FEB-2025 15:01:18)	 (Not Inserted)
2 ,227 , HCGPUTE , C , 2 , 28/11/2022 00:00:00 , P1, 	(21-FEB-2025 15:01:18)	 (Not Inserted)
2 ,227 , HCGPUTE , C , 1 , 21/11/2022 00:00:00 , P1, 	(21-FEB-2025 15:01:18)	 (Not Inserted)
2 ,227 , HCGPUTE , C , 2 , 28/11/2022 00:00:00 , P1, 	(21-FEB-2025 15:01:18)	 (Not Inserted)
2 ,227 , HCGPUTE , C , 1 , 21/11/2022 00:00:00 , P1, 	(21-FEB-2025 15:01:18)	 (Not Inserted)
2 ,63 , GOAGLSF , C , 2 , 01/01/2023 00:00:00 , 1, 	(21-FEB-2025 15:01:18)	 (Not Inserted)
2 ,63 , GOAGLSF , C , 1 , 01/12/2022 00:00:00 , 1, 	(21-FEB-2025 15:01:18)	 (Not Inserted)
2 ,63 , GOAGLSF , C , 2 , 01/01/2023 00:00:00 , 1, 	(21-FEB-2025 15:01:18)	 (Not Inserted)
2 ,63 , GOAGLSF , C , 1 , 01/12/2022 00:00:00 , 1, 	(21-FEB-2025 15:01:18)	 (Not Inserted)
2 ,64 , IGSPL , C , 3 , 25/11/2022 00:00:00 , P2, 	(21-FEB-2025 15:01:18)	 (Not Inserted)
2 ,64 , IGSPL , C , 3 , 25/11/2022 00:00:00 , P2, 	(21-FEB-2025 15:01:18)	 (Not Inserted)
2 ,64 , IGSPL , C , 2 , 25/11/2022 00:00:00 , P2, 	(21-FEB-2025 15:01:18)	 (Not Inserted)
2 ,64 , IGSPL , C , 2 , 25/11/2022 00:00:00 , P2, 	(21-FEB-2025 15:01:18)	 (Not Inserted)
2 ,64 , IGSPL , C , 1 , 25/11/2022 00:00:00 , P2, 	(21-FEB-2025 15:01:18)	 (Not Inserted)
2 ,64 , IGSPL , C , 1 , 25/11/2022 00:00:00 , P2, 	(21-FEB-2025 15:01:18)	 (Not Inserted)
2 ,64 , IGSPL , C , 3 , 25/11/2022 00:00:00 , P2, 	(21-FEB-2025 15:01:18)	 (Not Inserted)
2 ,64 , IGSPL , C , 3 , 25/11/2022 00:00:00 , P2, 	(21-FEB-2025 15:01:18)	 (Not Inserted)
2 ,64 , IGSPL , C , 2 , 25/11/2022 00:00:00 , P2, 	(21-FEB-2025 15:01:18)	 (Not Inserted)
2 ,64 , IGSPL , C , 2 , 25/11/2022 00:00:00 , P2, 	(21-FEB-2025 15:01:18)	 (Not Inserted)
2 ,64 , IGSPL , C , 1 , 25/11/2022 00:00:00 , P2, 	(21-FEB-2025 15:01:18)	 (Not Inserted)
2 ,64 , IGSPL , C , 1 , 25/11/2022 00:00:00 , P2, 	(21-FEB-2025 15:01:18)	 (Not Inserted)
2 ,65 , PEFORCV , C , 2 , 08/12/2022 00:00:00 , 1, 	(21-FEB-2025 15:01:18)	 (Not Inserted)
2 ,65 , PEFORCV , C , 1 , 08/12/2022 00:00:00 , 1, 	(21-FEB-2025 15:01:18)	 (Not Inserted)
2 ,65 , PEFORCV , C , 2 , 08/12/2022 00:00:00 , 1, 	(21-FEB-2025 15:01:18)	 (Not Inserted)
2 ,65 , PEFORCV , C , 1 , 08/12/2022 00:00:00 , 1, 	(21-FEB-2025 15:01:18)	 (Not Inserted)
2 ,66 , BHEL , C , 5 , 01/06/2024 00:00:00 , 1, 	(21-FEB-2025 15:01:18)	 (Not Inserted)
2 ,66 , BHEL , C , 5 , 01/06/2024 00:00:00 , 2, 	(21-FEB-2025 15:01:18)	 (Not Inserted)
2 ,66 , BHEL , C , 2 , 01/06/2024 00:00:00 , R, 	(21-FEB-2025 15:01:18)	 (Not Inserted)
2 ,66 , BHEL , C , 4 , 01/06/2024 00:00:00 , R, 	(21-FEB-2025 15:01:18)	 (Not Inserted)
2 ,66 , BHEL , C , 3 , 01/06/2024 00:00:00 , R, 	(21-FEB-2025 15:01:18)	 (Not Inserted)
2 ,66 , BHEL , C , 1 , 01/06/2024 00:00:00 , R, 	(21-FEB-2025 15:01:18)	 (Not Inserted)
2 ,66 , BHEL , C , 5 , 01/06/2024 00:00:00 , 1, 	(21-FEB-2025 15:01:18)	 (Not Inserted)
2 ,66 , BHEL , C , 5 , 01/06/2024 00:00:00 , 2, 	(21-FEB-2025 15:01:18)	 (Not Inserted)
2 ,66 , BHEL , C , 2 , 01/06/2024 00:00:00 , R, 	(21-FEB-2025 15:01:18)	 (Not Inserted)
2 ,66 , BHEL , C , 4 , 01/06/2024 00:00:00 , R, 	(21-FEB-2025 15:01:18)	 (Not Inserted)
2 ,66 , BHEL , C , 3 , 01/06/2024 00:00:00 , R, 	(21-FEB-2025 15:01:18)	 (Not Inserted)
2 ,66 , BHEL , C , 1 , 01/06/2024 00:00:00 , R, 	(21-FEB-2025 15:01:18)	 (Not Inserted)
2 ,210 , COMFIND , C , 1 , 11/08/2023 00:00:00 , P1, 	(21-FEB-2025 15:01:18)	 (Not Inserted)
2 ,210 , COMFIND , C , 2 , 11/08/2023 00:00:00 , P1, 	(21-FEB-2025 15:01:18)	 (Not Inserted)
2 ,210 , COMFIND , C , 1 , 11/08/2023 00:00:00 , P1, 	(21-FEB-2025 15:01:18)	 (Not Inserted)
2 ,210 , COMFIND , C , 2 , 11/08/2023 00:00:00 , P1, 	(21-FEB-2025 15:01:18)	 (Not Inserted)
2 ,67 , DCMSHRI , C , 1 , 30/03/2023 00:00:00 , P1, 	(21-FEB-2025 15:01:18)	 (Not Inserted)
2 ,67 , DCMSHRI , C , 2 , 30/03/2023 00:00:00 , P1, 	(21-FEB-2025 15:01:18)	 (Not Inserted)
2 ,67 , DCMSHRI , C , 3 , 30/03/2023 00:00:00 , P1, 	(21-FEB-2025 15:01:18)	 (Not Inserted)
2 ,67 , DCMSHRI , C , 1 , 30/03/2023 00:00:00 , P1, 	(21-FEB-2025 15:01:18)	 (Not Inserted)
2 ,67 , DCMSHRI , C , 2 , 30/03/2023 00:00:00 , P1, 	(21-FEB-2025 15:01:18)	 (Not Inserted)
2 ,67 , DCMSHRI , C , 3 , 30/03/2023 00:00:00 , P1, 	(21-FEB-2025 15:01:18)	 (Not Inserted)
2 ,81 , HOECLTD , C , 2 , 01/03/2024 00:00:00 , P1, 	(21-FEB-2025 15:01:18)	 (Not Inserted)
2 ,81 , HOECLTD , C , 1 , 01/03/2024 00:00:00 , P1, 	(21-FEB-2025 15:01:18)	 (Not Inserted)
2 ,81 , HOECLTD , C , 2 , 01/03/2024 00:00:00 , P1, 	(21-FEB-2025 15:01:18)	 (Not Inserted)
2 ,81 , HOECLTD , C , 1 , 01/03/2024 00:00:00 , P1, 	(21-FEB-2025 15:01:18)	 (Not Inserted)
2 ,144 , HINAGIL , C , 1 , 16/04/2024 00:00:00 , 1, 	(21-FEB-2025 15:01:18)	 (Not Inserted)
2 ,144 , HINAGIL , C , 1 , 16/04/2024 00:00:00 , 1, 	(21-FEB-2025 15:01:18)	 (Not Inserted)
2 ,147 , HPOIGAS , C , 4 , 20/12/2023 00:00:00 , P1, 	(21-FEB-2025 15:01:18)	 (Not Inserted)
2 ,147 , HPOIGAS , C , 1 , 20/12/2023 00:00:00 , P1, 	(21-FEB-2025 15:01:18)	 (Not Inserted)
2 ,147 , HPOIGAS , C , 3 , 20/12/2023 00:00:00 , P1, 	(21-FEB-2025 15:01:18)	 (Not Inserted)
2 ,147 , HPOIGAS , C , 2 , 20/12/2023 00:00:00 , P1, 	(21-FEB-2025 15:01:18)	 (Not Inserted)
2 ,147 , HPOIGAS , C , 4 , 20/12/2023 00:00:00 , P1, 	(21-FEB-2025 15:01:18)	 (Not Inserted)
2 ,147 , HPOIGAS , C , 1 , 20/12/2023 00:00:00 , P1, 	(21-FEB-2025 15:01:18)	 (Not Inserted)
2 ,147 , HPOIGAS , C , 3 , 20/12/2023 00:00:00 , P1, 	(21-FEB-2025 15:01:18)	 (Not Inserted)
2 ,147 , HPOIGAS , C , 2 , 20/12/2023 00:00:00 , P1, 	(21-FEB-2025 15:01:18)	 (Not Inserted)
2 ,92 , NEL , C , 7 , 01/07/2023 00:00:00 , B, 	(21-FEB-2025 15:01:18)	 (Not Inserted)
2 ,92 , NEL , C , 5 , 01/03/2023 00:00:00 , P1, 	(21-FEB-2025 15:01:18)	 (Not Inserted)
2 ,92 , NEL , C , 4 , 01/03/2023 00:00:00 , P1, 	(21-FEB-2025 15:01:18)	 (Not Inserted)
2 ,92 , NEL , C , 6 , 01/03/2023 00:00:00 , P1, 	(21-FEB-2025 15:01:18)	 (Not Inserted)
2 ,92 , NEL , C , 2 , 01/03/2023 00:00:00 , P1, 	(21-FEB-2025 15:01:18)	 (Not Inserted)
2 ,92 , NEL , C , 3 , 01/03/2023 00:00:00 , P1, 	(21-FEB-2025 15:01:18)	 (Not Inserted)
2 ,92 , NEL , C , 1 , 01/03/2023 00:00:00 , P1, 	(21-FEB-2025 15:01:18)	 (Not Inserted)
2 ,92 , NEL , C , 7 , 01/07/2023 00:00:00 , B, 	(21-FEB-2025 15:01:18)	 (Not Inserted)
2 ,92 , NEL , C , 5 , 01/03/2023 00:00:00 , P1, 	(21-FEB-2025 15:01:18)	 (Not Inserted)
2 ,92 , NEL , C , 4 , 01/03/2023 00:00:00 , P1, 	(21-FEB-2025 15:01:18)	 (Not Inserted)
2 ,92 , NEL , C , 6 , 01/03/2023 00:00:00 , P1, 	(21-FEB-2025 15:01:18)	 (Not Inserted)
2 ,92 , NEL , C , 2 , 01/03/2023 00:00:00 , P1, 	(21-FEB-2025 15:01:18)	 (Not Inserted)
2 ,92 , NEL , C , 3 , 01/03/2023 00:00:00 , P1, 	(21-FEB-2025 15:01:18)	 (Not Inserted)
2 ,92 , NEL , C , 1 , 01/03/2023 00:00:00 , P1, 	(21-FEB-2025 15:01:18)	 (Not Inserted)
2 ,104 , TASTELI , C , 3 , 07/03/2024 00:00:00 , P1, 	(21-FEB-2025 15:01:18)	 (Not Inserted)
2 ,104 , TASTELI , C , 3 , 26/02/2024 00:00:00 , P1, 	(21-FEB-2025 15:01:18)	 (Not Inserted)
2 ,104 , TASTELI , C , 2 , 01/02/2023 00:00:00 , P1, 	(21-FEB-2025 15:01:18)	 (Not Inserted)
2 ,104 , TASTELI , C , 1 , 01/02/2023 00:00:00 , P1, 	(21-FEB-2025 15:01:18)	 (Not Inserted)
2 ,104 , TASTELI , C , 1 , 07/03/2024 00:00:00 , P1, 	(21-FEB-2025 15:01:18)	 (Not Inserted)
2 ,104 , TASTELI , C , 4 , 07/03/2024 00:00:00 , P1, 	(21-FEB-2025 15:01:18)	 (Not Inserted)
2 ,104 , TASTELI , C , 3 , 07/03/2024 00:00:00 , P1, 	(21-FEB-2025 15:01:18)	 (Not Inserted)
2 ,104 , TASTELI , C , 3 , 26/02/2024 00:00:00 , P1, 	(21-FEB-2025 15:01:18)	 (Not Inserted)
2 ,104 , TASTELI , C , 2 , 01/02/2023 00:00:00 , P1, 	(21-FEB-2025 15:01:18)	 (Not Inserted)
2 ,104 , TASTELI , C , 1 , 01/02/2023 00:00:00 , P1, 	(21-FEB-2025 15:01:18)	 (Not Inserted)
2 ,104 , TASTELI , C , 1 , 07/03/2024 00:00:00 , P1, 	(21-FEB-2025 15:01:18)	 (Not Inserted)
2 ,104 , TASTELI , C , 4 , 07/03/2024 00:00:00 , P1, 	(21-FEB-2025 15:01:18)	 (Not Inserted)
2 ,105 , HMEL , C , 1 , 06/01/2023 00:00:00 , P1, 	(21-FEB-2025 15:01:18)	 (Not Inserted)
2 ,105 , HMEL , C , 1 , 01/07/2023 00:00:00 , P2, 	(21-FEB-2025 15:01:18)	 (Not Inserted)
2 ,105 , HMEL , C , 1 , 01/01/2024 00:00:00 , 3, 	(21-FEB-2025 15:01:18)	 (Not Inserted)
2 ,105 , HMEL , C , 1 , 01/01/2024 00:00:00 , P4, 	(21-FEB-2025 15:01:18)	 (Not Inserted)
2 ,105 , HMEL , C , 1 , 01/01/2024 00:00:00 , 6, 	(21-FEB-2025 15:01:18)	 (Not Inserted)
2 ,105 , HMEL , C , 1 , 01/09/2024 00:00:00 , P5, 	(21-FEB-2025 15:01:18)	 (Not Inserted)
2 ,105 , HMEL , C , 25 , 01/10/2024 00:00:00 , R, 	(21-FEB-2025 15:01:18)	 (Not Inserted)
2 ,105 , HMEL , C , 4 , 06/01/2023 00:00:00 , P1, 	(21-FEB-2025 15:01:18)	 (Not Inserted)
2 ,105 , HMEL , C , 4 , 01/07/2023 00:00:00 , P2, 	(21-FEB-2025 15:01:18)	 (Not Inserted)
2 ,105 , HMEL , C , 4 , 01/01/2024 00:00:00 , 3, 	(21-FEB-2025 15:01:18)	 (Not Inserted)
2 ,105 , HMEL , C , 4 , 01/01/2024 00:00:00 , P4, 	(21-FEB-2025 15:01:18)	 (Not Inserted)
2 ,105 , HMEL , C , 4 , 01/01/2024 00:00:00 , 6, 	(21-FEB-2025 15:01:18)	 (Not Inserted)
2 ,105 , HMEL , C , 4 , 01/09/2024 00:00:00 , P5, 	(21-FEB-2025 15:01:18)	 (Not Inserted)
2 ,105 , HMEL , C , 2 , 06/01/2023 00:00:00 , P1, 	(21-FEB-2025 15:01:18)	 (Not Inserted)
2 ,105 , HMEL , C , 2 , 01/07/2023 00:00:00 , P2, 	(21-FEB-2025 15:01:18)	 (Not Inserted)
2 ,105 , HMEL , C , 2 , 01/01/2024 00:00:00 , 3, 	(21-FEB-2025 15:01:18)	 (Not Inserted)
2 ,105 , HMEL , C , 2 , 01/01/2024 00:00:00 , P4, 	(21-FEB-2025 15:01:18)	 (Not Inserted)
2 ,105 , HMEL , C , 2 , 01/01/2024 00:00:00 , 6, 	(21-FEB-2025 15:01:18)	 (Not Inserted)
2 ,105 , HMEL , C , 2 , 01/09/2024 00:00:00 , P5, 	(21-FEB-2025 15:01:18)	 (Not Inserted)
2 ,105 , HMEL , C , 3 , 06/01/2023 00:00:00 , P1, 	(21-FEB-2025 15:01:18)	 (Not Inserted)
2 ,105 , HMEL , C , 3 , 01/07/2023 00:00:00 , P2, 	(21-FEB-2025 15:01:18)	 (Not Inserted)
2 ,105 , HMEL , C , 3 , 01/01/2024 00:00:00 , 3, 	(21-FEB-2025 15:01:18)	 (Not Inserted)
2 ,105 , HMEL , C , 3 , 01/01/2024 00:00:00 , P4, 	(21-FEB-2025 15:01:18)	 (Not Inserted)
2 ,105 , HMEL , C , 3 , 01/01/2024 00:00:00 , 6, 	(21-FEB-2025 15:01:18)	 (Not Inserted)
2 ,105 , HMEL , C , 3 , 01/09/2024 00:00:00 , P5, 	(21-FEB-2025 15:01:18)	 (Not Inserted)
2 ,105 , HMEL , C , 1 , 06/01/2023 00:00:00 , P1, 	(21-FEB-2025 15:01:18)	 (Not Inserted)
2 ,105 , HMEL , C , 1 , 01/07/2023 00:00:00 , P2, 	(21-FEB-2025 15:01:18)	 (Not Inserted)
2 ,105 , HMEL , C , 1 , 01/01/2024 00:00:00 , 3, 	(21-FEB-2025 15:01:18)	 (Not Inserted)
2 ,105 , HMEL , C , 1 , 01/01/2024 00:00:00 , P4, 	(21-FEB-2025 15:01:18)	 (Not Inserted)
2 ,105 , HMEL , C , 1 , 01/01/2024 00:00:00 , 6, 	(21-FEB-2025 15:01:18)	 (Not Inserted)
2 ,105 , HMEL , C , 1 , 01/09/2024 00:00:00 , P5, 	(21-FEB-2025 15:01:18)	 (Not Inserted)
2 ,105 , HMEL , C , 25 , 01/10/2024 00:00:00 , R, 	(21-FEB-2025 15:01:18)	 (Not Inserted)
2 ,105 , HMEL , C , 4 , 06/01/2023 00:00:00 , P1, 	(21-FEB-2025 15:01:18)	 (Not Inserted)
2 ,105 , HMEL , C , 4 , 01/07/2023 00:00:00 , P2, 	(21-FEB-2025 15:01:18)	 (Not Inserted)
2 ,105 , HMEL , C , 4 , 01/01/2024 00:00:00 , 3, 	(21-FEB-2025 15:01:18)	 (Not Inserted)
2 ,105 , HMEL , C , 4 , 01/01/2024 00:00:00 , P4, 	(21-FEB-2025 15:01:18)	 (Not Inserted)
2 ,105 , HMEL , C , 4 , 01/01/2024 00:00:00 , 6, 	(21-FEB-2025 15:01:18)	 (Not Inserted)
2 ,105 , HMEL , C , 4 , 01/09/2024 00:00:00 , P5, 	(21-FEB-2025 15:01:18)	 (Not Inserted)
2 ,105 , HMEL , C , 2 , 06/01/2023 00:00:00 , P1, 	(21-FEB-2025 15:01:18)	 (Not Inserted)
2 ,105 , HMEL , C , 2 , 01/07/2023 00:00:00 , P2, 	(21-FEB-2025 15:01:18)	 (Not Inserted)
2 ,105 , HMEL , C , 2 , 01/01/2024 00:00:00 , 3, 	(21-FEB-2025 15:01:18)	 (Not Inserted)
2 ,105 , HMEL , C , 2 , 01/01/2024 00:00:00 , P4, 	(21-FEB-2025 15:01:18)	 (Not Inserted)
2 ,105 , HMEL , C , 2 , 01/01/2024 00:00:00 , 6, 	(21-FEB-2025 15:01:18)	 (Not Inserted)
2 ,105 , HMEL , C , 2 , 01/09/2024 00:00:00 , P5, 	(21-FEB-2025 15:01:18)	 (Not Inserted)
2 ,105 , HMEL , C , 3 , 06/01/2023 00:00:00 , P1, 	(21-FEB-2025 15:01:18)	 (Not Inserted)
2 ,105 , HMEL , C , 3 , 01/07/2023 00:00:00 , P2, 	(21-FEB-2025 15:01:18)	 (Not Inserted)
2 ,105 , HMEL , C , 3 , 01/01/2024 00:00:00 , 3, 	(21-FEB-2025 15:01:18)	 (Not Inserted)
2 ,105 , HMEL , C , 3 , 01/01/2024 00:00:00 , P4, 	(21-FEB-2025 15:01:18)	 (Not Inserted)
2 ,105 , HMEL , C , 3 , 01/01/2024 00:00:00 , 6, 	(21-FEB-2025 15:01:18)	 (Not Inserted)
2 ,105 , HMEL , C , 3 , 01/09/2024 00:00:00 , P5, 	(21-FEB-2025 15:01:18)	 (Not Inserted)
2 ,162 , BOROREN , C , 1 , 01/12/2023 00:00:00 , P1, 	(21-FEB-2025 15:01:18)	 (Not Inserted)
2 ,162 , BOROREN , C , 2 , 01/12/2023 00:00:00 , P1, 	(21-FEB-2025 15:01:18)	 (Not Inserted)
2 ,162 , BOROREN , C , 3 , 01/12/2023 00:00:00 , P1, 	(21-FEB-2025 15:01:18)	 (Not Inserted)
2 ,162 , BOROREN , C , 1 , 01/12/2023 00:00:00 , P1, 	(21-FEB-2025 15:01:18)	 (Not Inserted)
2 ,162 , BOROREN , C , 2 , 01/12/2023 00:00:00 , P1, 	(21-FEB-2025 15:01:18)	 (Not Inserted)
2 ,162 , BOROREN , C , 3 , 01/12/2023 00:00:00 , P1, 	(21-FEB-2025 15:01:18)	 (Not Inserted)
2 ,151 , KINGASP , C , 2 , 01/03/2024 00:00:00 , R, 	(21-FEB-2025 15:01:18)	 (Not Inserted)
2 ,151 , KINGASP , C , 1 , 01/07/2023 00:00:00 , P1, 	(21-FEB-2025 15:01:18)	 (Not Inserted)
2 ,151 , KINGASP , C , 1 , 01/10/2024 00:00:00 , P2, 	(21-FEB-2025 15:01:18)	 (Not Inserted)
2 ,151 , KINGASP , C , 2 , 01/03/2024 00:00:00 , R, 	(21-FEB-2025 15:01:18)	 (Not Inserted)
2 ,151 , KINGASP , C , 1 , 01/07/2023 00:00:00 , P1, 	(21-FEB-2025 15:01:18)	 (Not Inserted)
2 ,151 , KINGASP , C , 1 , 01/10/2024 00:00:00 , P2, 	(21-FEB-2025 15:01:18)	 (Not Inserted)
2 ,106 , RATNAGI , C , 1 , 14/06/2023 00:00:00 , B, 	(21-FEB-2025 15:01:18)	 (Not Inserted)
2 ,106 , RATNAGI , C , 1 , 14/06/2023 00:00:00 , B, 	(21-FEB-2025 15:01:18)	 (Not Inserted)
2 ,106 , RATNAGI , C , 3 , 14/06/2023 00:00:00 , B, 	(21-FEB-2025 15:01:18)	 (Not Inserted)
2 ,106 , RATNAGI , C , 4 , 14/06/2023 00:00:00 , B, 	(21-FEB-2025 15:01:18)	 (Not Inserted)
2 ,106 , RATNAGI , C , 1 , 14/06/2023 00:00:00 , B, 	(21-FEB-2025 15:01:18)	 (Not Inserted)
2 ,106 , RATNAGI , C , 1 , 14/06/2023 00:00:00 , B, 	(21-FEB-2025 15:01:18)	 (Not Inserted)
2 ,106 , RATNAGI , C , 3 , 14/06/2023 00:00:00 , B, 	(21-FEB-2025 15:01:18)	 (Not Inserted)
2 ,106 , RATNAGI , C , 4 , 14/06/2023 00:00:00 , B, 	(21-FEB-2025 15:01:18)	 (Not Inserted)
2 ,107 , IDOINVA , C , 3 , 01/05/2023 00:00:00 , P1, 	(21-FEB-2025 15:01:18)	 (Not Inserted)
2 ,107 , IDOINVA , C , 2 , 30/04/2023 00:00:00 , P1, 	(21-FEB-2025 15:01:18)	 (Not Inserted)
2 ,107 , IDOINVA , C , 2 , 01/05/2023 00:00:00 , P1, 	(21-FEB-2025 15:01:18)	 (Not Inserted)
2 ,107 , IDOINVA , C , 6 , 01/05/2023 00:00:00 , P1, 	(21-FEB-2025 15:01:18)	 (Not Inserted)
2 ,107 , IDOINVA , C , 4 , 01/05/2023 00:00:00 , P1, 	(21-FEB-2025 15:01:18)	 (Not Inserted)
2 ,107 , IDOINVA , C , 1 , 30/04/2023 00:00:00 , P1, 	(21-FEB-2025 15:01:18)	 (Not Inserted)
2 ,107 , IDOINVA , C , 3 , 01/05/2023 00:00:00 , P1, 	(21-FEB-2025 15:01:18)	 (Not Inserted)
2 ,107 , IDOINVA , C , 2 , 30/04/2023 00:00:00 , P1, 	(21-FEB-2025 15:01:18)	 (Not Inserted)
2 ,107 , IDOINVA , C , 2 , 01/05/2023 00:00:00 , P1, 	(21-FEB-2025 15:01:18)	 (Not Inserted)
2 ,107 , IDOINVA , C , 6 , 01/05/2023 00:00:00 , P1, 	(21-FEB-2025 15:01:18)	 (Not Inserted)
2 ,107 , IDOINVA , C , 4 , 01/05/2023 00:00:00 , P1, 	(21-FEB-2025 15:01:18)	 (Not Inserted)
2 ,107 , IDOINVA , C , 1 , 30/04/2023 00:00:00 , P1, 	(21-FEB-2025 15:01:18)	 (Not Inserted)
2 ,190 , AGPCGIN , C , 2 , 09/02/2023 00:00:00 , P1, 	(21-FEB-2025 15:01:18)	 (Not Inserted)
2 ,190 , AGPCGIN , C , 2 , 10/02/2023 00:00:00 , P2, 	(21-FEB-2025 15:01:18)	 (Not Inserted)
2 ,190 , AGPCGIN , C , 1 , 09/02/2023 00:00:00 , P1, 	(21-FEB-2025 15:01:18)	 (Not Inserted)
2 ,190 , AGPCGIN , C , 1 , 10/02/2023 00:00:00 , P2, 	(21-FEB-2025 15:01:18)	 (Not Inserted)
2 ,190 , AGPCGIN , C , 4 , 09/02/2023 00:00:00 , P1, 	(21-FEB-2025 15:01:18)	 (Not Inserted)
2 ,190 , AGPCGIN , C , 4 , 10/02/2023 00:00:00 , P2, 	(21-FEB-2025 15:01:18)	 (Not Inserted)
2 ,190 , AGPCGIN , C , 3 , 09/02/2023 00:00:00 , P1, 	(21-FEB-2025 15:01:18)	 (Not Inserted)
2 ,190 , AGPCGIN , C , 3 , 10/02/2023 00:00:00 , P2, 	(21-FEB-2025 15:01:18)	 (Not Inserted)
2 ,190 , AGPCGIN , C , 2 , 09/02/2023 00:00:00 , P1, 	(21-FEB-2025 15:01:18)	 (Not Inserted)
2 ,190 , AGPCGIN , C , 2 , 10/02/2023 00:00:00 , P2, 	(21-FEB-2025 15:01:18)	 (Not Inserted)
2 ,190 , AGPCGIN , C , 1 , 09/02/2023 00:00:00 , P1, 	(21-FEB-2025 15:01:18)	 (Not Inserted)
2 ,190 , AGPCGIN , C , 1 , 10/02/2023 00:00:00 , P2, 	(21-FEB-2025 15:01:18)	 (Not Inserted)
2 ,190 , AGPCGIN , C , 4 , 09/02/2023 00:00:00 , P1, 	(21-FEB-2025 15:01:18)	 (Not Inserted)
2 ,190 , AGPCGIN , C , 4 , 10/02/2023 00:00:00 , P2, 	(21-FEB-2025 15:01:18)	 (Not Inserted)
2 ,190 , AGPCGIN , C , 3 , 09/02/2023 00:00:00 , P1, 	(21-FEB-2025 15:01:18)	 (Not Inserted)
2 ,190 , AGPCGIN , C , 3 , 10/02/2023 00:00:00 , P2, 	(21-FEB-2025 15:01:18)	 (Not Inserted)
2 ,176 , NESTLIN , C , 1 , 22/03/2024 00:00:00 , 1, 	(21-FEB-2025 15:01:18)	 (Not Inserted)
2 ,176 , NESTLIN , C , 1 , 22/03/2024 00:00:00 , 1, 	(21-FEB-2025 15:01:18)	 (Not Inserted)
2 ,188 , VISHPRI , C , 1 , 14/03/2023 00:00:00 , P1, 	(21-FEB-2025 15:01:18)	 (Not Inserted)
2 ,188 , VISHPRI , C , 4 , 14/03/2023 00:00:00 , P1, 	(21-FEB-2025 15:01:18)	 (Not Inserted)
2 ,188 , VISHPRI , C , 5 , 14/03/2023 00:00:00 , P1, 	(21-FEB-2025 15:01:18)	 (Not Inserted)
2 ,188 , VISHPRI , C , 2 , 14/03/2023 00:00:00 , P1, 	(21-FEB-2025 15:01:18)	 (Not Inserted)
2 ,188 , VISHPRI , C , 6 , 14/03/2023 00:00:00 , P1, 	(21-FEB-2025 15:01:18)	 (Not Inserted)
2 ,188 , VISHPRI , C , 3 , 14/03/2023 00:00:00 , P1, 	(21-FEB-2025 15:01:18)	 (Not Inserted)
2 ,188 , VISHPRI , C , 1 , 14/03/2023 00:00:00 , P1, 	(21-FEB-2025 15:01:18)	 (Not Inserted)
2 ,188 , VISHPRI , C , 4 , 14/03/2023 00:00:00 , P1, 	(21-FEB-2025 15:01:18)	 (Not Inserted)
2 ,188 , VISHPRI , C , 5 , 14/03/2023 00:00:00 , P1, 	(21-FEB-2025 15:01:18)	 (Not Inserted)
2 ,188 , VISHPRI , C , 2 , 14/03/2023 00:00:00 , P1, 	(21-FEB-2025 15:01:18)	 (Not Inserted)
2 ,188 , VISHPRI , C , 6 , 14/03/2023 00:00:00 , P1, 	(21-FEB-2025 15:01:18)	 (Not Inserted)
2 ,188 , VISHPRI , C , 3 , 14/03/2023 00:00:00 , P1, 	(21-FEB-2025 15:01:18)	 (Not Inserted)
2 , , SOMANY , C , 1 , 16/03/2023 00:00:00 , 1, 	(21-FEB-2025 15:01:18)	 (Not Inserted)
2 , , SOMANY , C , 1 , 16/03/2023 00:00:00 , 1, 	(21-FEB-2025 15:01:18)	 (Not Inserted)
2 ,202 , BHOGATD , C , 1 , 14/07/2023 00:00:00 , P1, 	(21-FEB-2025 15:01:18)	 (Not Inserted)
2 ,202 , BHOGATD , C , 1 , 18/07/2023 00:00:00 , P2, 	(21-FEB-2025 15:01:18)	 (Not Inserted)
2 ,202 , BHOGATD , C , 1 , 14/07/2023 00:00:00 , P1, 	(21-FEB-2025 15:01:18)	 (Not Inserted)
2 ,202 , BHOGATD , C , 1 , 18/07/2023 00:00:00 , P2, 	(21-FEB-2025 15:01:18)	 (Not Inserted)
2 ,277 , VIGASLD , C , 4 , 06/01/2024 00:00:00 , P1, 	(21-FEB-2025 15:01:18)	 (Not Inserted)
2 ,277 , VIGASLD , C , 1 , 07/07/2023 00:00:00 , P1, 	(21-FEB-2025 15:01:18)	 (Not Inserted)
2 ,277 , VIGASLD , C , 2 , 07/07/2023 00:00:00 , P1, 	(21-FEB-2025 15:01:18)	 (Not Inserted)
2 ,277 , VIGASLD , C , 3 , 15/07/2023 00:00:00 , P1, 	(21-FEB-2025 15:01:18)	 (Not Inserted)
2 ,277 , VIGASLD , C , 4 , 06/01/2024 00:00:00 , P1, 	(21-FEB-2025 15:01:18)	 (Not Inserted)
2 ,277 , VIGASLD , C , 1 , 07/07/2023 00:00:00 , P1, 	(21-FEB-2025 15:01:18)	 (Not Inserted)
2 ,277 , VIGASLD , C , 2 , 07/07/2023 00:00:00 , P1, 	(21-FEB-2025 15:01:18)	 (Not Inserted)
2 ,277 , VIGASLD , C , 3 , 15/07/2023 00:00:00 , P1, 	(21-FEB-2025 15:01:18)	 (Not Inserted)
2 ,167 , GOLDPFG , C , 1 , 22/04/2023 00:00:00 , P1, 	(21-FEB-2025 15:01:18)	 (Not Inserted)
2 ,167 , GOLDPFG , C , 1 , 22/04/2023 00:00:00 , P1, 	(21-FEB-2025 15:01:18)	 (Not Inserted)
2 ,122 , GAILGAS , C , 3 , 28/02/2024 00:00:00 , B, 	(21-FEB-2025 15:01:18)	 (Not Inserted)
2 ,122 , GAILGAS , C , 5 , 01/03/2024 00:00:00 , B, 	(21-FEB-2025 15:01:18)	 (Not Inserted)
2 ,122 , GAILGAS , C , 2 , 01/06/2023 00:00:00 , B, 	(21-FEB-2025 15:01:18)	 (Not Inserted)
2 ,122 , GAILGAS , C , 1 , 01/06/2023 00:00:00 , P1, 	(21-FEB-2025 15:01:18)	 (Not Inserted)
2 ,122 , GAILGAS , C , 1 , 01/03/2024 00:00:00 , P2, 	(21-FEB-2025 15:01:18)	 (Not Inserted)
2 ,122 , GAILGAS , C , 3 , 28/02/2024 00:00:00 , B, 	(21-FEB-2025 15:01:18)	 (Not Inserted)
2 ,122 , GAILGAS , C , 5 , 01/03/2024 00:00:00 , B, 	(21-FEB-2025 15:01:18)	 (Not Inserted)
2 ,122 , GAILGAS , C , 2 , 01/06/2023 00:00:00 , B, 	(21-FEB-2025 15:01:18)	 (Not Inserted)
2 ,122 , GAILGAS , C , 1 , 01/06/2023 00:00:00 , P1, 	(21-FEB-2025 15:01:18)	 (Not Inserted)
2 ,122 , GAILGAS , C , 1 , 01/03/2024 00:00:00 , P2, 	(21-FEB-2025 15:01:18)	 (Not Inserted)
2 ,174 , KUTCHCL , C , 2 , 15/03/2024 00:00:00 , P1, 	(21-FEB-2025 15:01:18)	 (Not Inserted)
2 ,174 , KUTCHCL , C , 1 , 15/03/2024 00:00:00 , P1, 	(21-FEB-2025 15:01:18)	 (Not Inserted)
2 ,174 , KUTCHCL , C , 3 , 22/03/2024 00:00:00 , P1, 	(21-FEB-2025 15:01:18)	 (Not Inserted)
2 ,174 , KUTCHCL , C , 2 , 15/03/2024 00:00:00 , P1, 	(21-FEB-2025 15:01:18)	 (Not Inserted)
2 ,174 , KUTCHCL , C , 1 , 15/03/2024 00:00:00 , P1, 	(21-FEB-2025 15:01:18)	 (Not Inserted)
2 ,174 , KUTCHCL , C , 3 , 22/03/2024 00:00:00 , P1, 	(21-FEB-2025 15:01:18)	 (Not Inserted)
2 ,181 , SANENER , C , 1 , 21/09/2023 00:00:00 , P1, 	(21-FEB-2025 15:01:18)	 (Not Inserted)
2 ,181 , SANENER , C , 2 , 19/01/2024 00:00:00 , P1, 	(21-FEB-2025 15:01:18)	 (Not Inserted)
2 ,181 , SANENER , C , 1 , 21/09/2023 00:00:00 , P1, 	(21-FEB-2025 15:01:18)	 (Not Inserted)
2 ,181 , SANENER , C , 2 , 19/01/2024 00:00:00 , P1, 	(21-FEB-2025 15:01:18)	 (Not Inserted)
2 ,183 , SUMGLAS , C , 1 , 01/10/2023 00:00:00 , P1, 	(21-FEB-2025 15:01:18)	 (Not Inserted)
2 ,183 , SUMGLAS , C , 2 , 01/10/2023 00:00:00 , P1, 	(21-FEB-2025 15:01:18)	 (Not Inserted)
2 ,183 , SUMGLAS , C , 3 , 01/10/2023 00:00:00 , P1, 	(21-FEB-2025 15:01:18)	 (Not Inserted)
2 ,183 , SUMGLAS , C , 1 , 01/10/2023 00:00:00 , P1, 	(21-FEB-2025 15:01:18)	 (Not Inserted)
2 ,183 , SUMGLAS , C , 2 , 01/10/2023 00:00:00 , P1, 	(21-FEB-2025 15:01:18)	 (Not Inserted)
2 ,183 , SUMGLAS , C , 3 , 01/10/2023 00:00:00 , P1, 	(21-FEB-2025 15:01:18)	 (Not Inserted)
2 ,184 , SVTPLIN , C , 1 , 01/10/2023 00:00:00 , P1, 	(21-FEB-2025 15:01:18)	 (Not Inserted)
2 ,184 , SVTPLIN , C , 1 , 01/10/2023 00:00:00 , P1, 	(21-FEB-2025 15:01:18)	 (Not Inserted)
2 ,123 , AVGL , C , 1 , 20/12/2023 00:00:00 , P1, 	(21-FEB-2025 15:01:18)	 (Not Inserted)
2 ,123 , AVGL , C , 1 , 20/12/2023 00:00:00 , P1, 	(21-FEB-2025 15:01:18)	 (Not Inserted)
2 ,121 , NGPL , C , 1 , 20/01/2024 00:00:00 , P1, 	(21-FEB-2025 15:01:18)	 (Not Inserted)
2 ,121 , NGPL , C , 1 , 20/01/2024 00:00:00 , P1, 	(21-FEB-2025 15:01:18)	 (Not Inserted)
2 ,119 , ROCKIND , C , 4 , 07/03/2024 00:00:00 , 1, 	(21-FEB-2025 15:01:18)	 (Not Inserted)
2 ,119 , ROCKIND , C , 3 , 07/03/2024 00:00:00 , 1, 	(21-FEB-2025 15:01:18)	 (Not Inserted)
2 ,119 , ROCKIND , C , 1 , 26/02/2024 00:00:00 , 1, 	(21-FEB-2025 15:01:18)	 (Not Inserted)
2 ,119 , ROCKIND , C , 5 , 07/03/2024 00:00:00 , 1, 	(21-FEB-2025 15:01:18)	 (Not Inserted)
2 ,119 , ROCKIND , C , 2 , 07/03/2024 00:00:00 , 1, 	(21-FEB-2025 15:01:18)	 (Not Inserted)
2 ,119 , ROCKIND , C , 4 , 07/03/2024 00:00:00 , 1, 	(21-FEB-2025 15:01:18)	 (Not Inserted)
2 ,119 , ROCKIND , C , 3 , 07/03/2024 00:00:00 , 1, 	(21-FEB-2025 15:01:18)	 (Not Inserted)
2 ,119 , ROCKIND , C , 1 , 26/02/2024 00:00:00 , 1, 	(21-FEB-2025 15:01:18)	 (Not Inserted)
2 ,119 , ROCKIND , C , 5 , 07/03/2024 00:00:00 , 1, 	(21-FEB-2025 15:01:18)	 (Not Inserted)
2 ,119 , ROCKIND , C , 2 , 07/03/2024 00:00:00 , 1, 	(21-FEB-2025 15:01:18)	 (Not Inserted)
2 ,118 , LANCOKO , C , 2 , 05/04/2024 00:00:00 , P1, 	(21-FEB-2025 15:01:18)	 (Not Inserted)
2 ,118 , LANCOKO , C , 3 , 05/04/2024 00:00:00 , P1, 	(21-FEB-2025 15:01:18)	 (Not Inserted)
2 ,118 , LANCOKO , C , 1 , 05/04/2024 00:00:00 , P1, 	(21-FEB-2025 15:01:18)	 (Not Inserted)
2 ,118 , LANCOKO , C , 2 , 05/04/2024 00:00:00 , P1, 	(21-FEB-2025 15:01:18)	 (Not Inserted)
2 ,118 , LANCOKO , C , 3 , 05/04/2024 00:00:00 , P1, 	(21-FEB-2025 15:01:18)	 (Not Inserted)
2 ,118 , LANCOKO , C , 1 , 05/04/2024 00:00:00 , P1, 	(21-FEB-2025 15:01:18)	 (Not Inserted)
2 ,130 , CRMNDEL , C , 4 , 01/07/2024 00:00:00 , 1, 	(21-FEB-2025 15:01:18)	 (Not Inserted)
2 ,130 , CRMNDEL , C , 3 , 01/07/2024 00:00:00 , 1, 	(21-FEB-2025 15:01:18)	 (Not Inserted)
2 ,130 , CRMNDEL , C , 2 , 01/07/2024 00:00:00 , R, 	(21-FEB-2025 15:01:18)	 (Not Inserted)
2 ,130 , CRMNDEL , C , 1 , 01/07/2024 00:00:00 , 1, 	(21-FEB-2025 15:01:18)	 (Not Inserted)
2 ,130 , CRMNDEL , C , 4 , 01/07/2024 00:00:00 , 1, 	(21-FEB-2025 15:01:18)	 (Not Inserted)
2 ,130 , CRMNDEL , C , 3 , 01/07/2024 00:00:00 , 1, 	(21-FEB-2025 15:01:18)	 (Not Inserted)
2 ,130 , CRMNDEL , C , 2 , 01/07/2024 00:00:00 , R, 	(21-FEB-2025 15:01:18)	 (Not Inserted)
2 ,130 , CRMNDEL , C , 1 , 01/07/2024 00:00:00 , 1, 	(21-FEB-2025 15:01:18)	 (Not Inserted)
2 ,134 , GSINLIM , R , 1 , 13/01/2025 00:00:00 , R, 	(21-FEB-2025 15:01:18)	 (Not Inserted)
2 ,134 , GSINLIM , R , 2 , 13/01/2025 00:00:00 , R, 	(21-FEB-2025 15:01:18)	 (Not Inserted)
2 ,134 , GSINLIM , R , 3 , 16/01/2025 00:00:00 , C, 	(21-FEB-2025 15:01:18)	 (Not Inserted)
2 ,134 , GSINLIM , R , 1 , 13/01/2025 00:00:00 , R, 	(21-FEB-2025 15:01:18)	 (Not Inserted)
2 ,134 , GSINLIM , R , 2 , 13/01/2025 00:00:00 , R, 	(21-FEB-2025 15:01:18)	 (Not Inserted)
2 ,134 , GSINLIM , R , 3 , 16/01/2025 00:00:00 , C, 	(21-FEB-2025 15:01:18)	 (Not Inserted)
2 , , JMB , H , 1 , 01/04/2006 00:00:00 , R, 	(21-FEB-2025 15:01:18)	 (Not Inserted)
2 ,265 , SLPL , H , 1 , 21/01/2016 00:00:00 , R, 	(21-FEB-2025 15:01:18)	 (Not Inserted)
2 ,265 , SLPL , H , 1 , 21/01/2016 00:00:00 , R, 	(21-FEB-2025 15:01:18)	 (Not Inserted)
2 ,232 , JBB , V , 1 , 01/04/2007 00:00:00 , R, 	(21-FEB-2025 15:01:18)	 (Not Inserted)
2 ,126 , SGSINDIA , S , 1 , 01/04/2007 00:00:00 , R, 	(21-FEB-2025 15:01:18)	 (Not Inserted)
2 ,264 , SSAPL , S , 1 , 01/04/2013 00:00:00 , R, 	(21-FEB-2025 15:01:18)	 (Not Inserted)
2 ,2 , SEIPL , B , 1 , 01/03/2017 00:00:00 , B, 	(21-FEB-2025 15:01:18)	 (Not Inserted)
2 ,2 , SEIPL , B , 1 , 01/01/2005 00:00:00 , P2, 	(21-FEB-2025 15:01:18)	 (Not Inserted)
2 ,2 , SEIPL , B , 1 , 01/01/2005 00:00:00 , P2, 	(21-FEB-2025 15:01:18)	 (Not Inserted)
2 ,2 , SEIPL , B , 1 , 01/03/2017 00:00:00 , B, 	(21-FEB-2025 15:01:18)	 (Not Inserted)
2 ,2 , SEIPL , B , 2 , 01/01/2020 00:00:00 , R, 	(21-FEB-2025 15:01:18)	 (Not Inserted)
2 ,2 , SEIPL , B , 2 , 09/02/2022 00:00:00 , R, 	(21-FEB-2025 15:01:18)	 (Not Inserted)
2 ,2 , SEIPL , B , 2 , 01/01/2020 00:00:00 , R, 	(21-FEB-2025 15:01:18)	 (Not Inserted)
2 ,2 , SEIPL , B , 2 , 09/02/2022 00:00:00 , R, 	(21-FEB-2025 15:01:18)	 (Not Inserted)
2 ,2 , SEIPL , B , 2 , 01/01/2005 00:00:00 , R, 	(21-FEB-2025 15:01:18)	 (Not Inserted)
2 ,2 , SEIPL , B , 2 , 01/01/2005 00:00:00 , R, 	(21-FEB-2025 15:01:18)	 (Not Inserted)
2 ,2 , SEIPL , B , 3 , 01/01/2022 00:00:00 , R, 	(21-FEB-2025 15:01:18)	 (Not Inserted)
2 ,2 , SEIPL , B , 3 , 01/01/2022 00:00:00 , R, 	(21-FEB-2025 15:01:18)	 (Not Inserted)
2 ,2 , SEIPL , B , 3 , 01/01/2005 00:00:00 , R, 	(21-FEB-2025 15:01:18)	 (Not Inserted)
2 ,2 , SEIPL , B , 3 , 01/01/2005 00:00:00 , R, 	(21-FEB-2025 15:01:18)	 (Not Inserted)
2 ,2 , SEIPL , B , 4 , 01/08/2011 00:00:00 , P2, 	(21-FEB-2025 15:01:18)	 (Not Inserted)
2 ,2 , SEIPL , B , 4 , 01/08/2011 00:00:00 , P2, 	(21-FEB-2025 15:01:18)	 (Not Inserted)
2 ,2 , SEIPL , B , 4 , 14/10/2019 00:00:00 , B, 	(21-FEB-2025 15:01:18)	 (Not Inserted)
2 ,2 , SEIPL , B , 4 , 14/10/2019 00:00:00 , B, 	(21-FEB-2025 15:01:18)	 (Not Inserted)
2 ,2 , SEIPL , B , 4 , 14/06/2022 00:00:00 , R, 	(21-FEB-2025 15:01:18)	 (Not Inserted)
2 ,2 , SEIPL , B , 4 , 14/06/2022 00:00:00 , R, 	(21-FEB-2025 15:01:18)	 (Not Inserted)
2 ,2 , SEIPL , B , 3 , 01/01/2005 00:00:00 , B, 	(21-FEB-2025 15:01:18)	 (Not Inserted)
2 ,2 , SEIPL , B , 3 , 01/01/2005 00:00:00 , B, 	(21-FEB-2025 15:01:18)	 (Not Inserted)
2 ,2 , SEIPL , B , 5 , 25/03/2014 00:00:00 , P2, 	(21-FEB-2025 15:01:18)	 (Not Inserted)
2 ,2 , SEIPL , B , 5 , 25/03/2014 00:00:00 , P2, 	(21-FEB-2025 15:01:18)	 (Not Inserted)
2 ,2 , SEIPL , B , 3 , 01/01/2005 00:00:00 , P2, 	(21-FEB-2025 15:01:18)	 (Not Inserted)
2 ,2 , SEIPL , B , 3 , 01/01/2005 00:00:00 , P2, 	(21-FEB-2025 15:01:18)	 (Not Inserted)
2 ,2 , SEIPL , B , 5 , 31/10/2023 00:00:00 , P2, 	(21-FEB-2025 15:01:18)	 (Not Inserted)
2 ,2 , SEIPL , B , 5 , 31/10/2023 00:00:00 , P2, 	(21-FEB-2025 15:01:18)	 (Not Inserted)
2 ,2 , SEIPL , B , 6 , 31/01/2017 00:00:00 , B, 	(21-FEB-2025 15:01:18)	 (Not Inserted)
2 ,2 , SEIPL , B , 6 , 31/01/2017 00:00:00 , B, 	(21-FEB-2025 15:01:18)	 (Not Inserted)
2 ,2 , SEIPL , B , 7 , 01/02/2019 00:00:00 , B, 	(21-FEB-2025 15:01:18)	 (Not Inserted)
2 ,2 , SEIPL , B , 7 , 01/02/2019 00:00:00 , B, 	(21-FEB-2025 15:01:18)	 (Not Inserted)
2 ,2 , SEIPL , B , 4 , 01/01/2020 00:00:00 , B, 	(21-FEB-2025 15:01:18)	 (Not Inserted)
2 ,2 , SEIPL , B , 4 , 01/01/2020 00:00:00 , B, 	(21-FEB-2025 15:01:18)	 (Not Inserted)
2 ,2 , SEIPL , B , 3 , 01/01/2005 00:00:00 , B, 	(21-FEB-2025 15:01:18)	 (Not Inserted)
2 ,2 , SEIPL , B , 3 , 01/01/2005 00:00:00 , B, 	(21-FEB-2025 15:01:18)	 (Not Inserted)
2 ,2 , SEIPL , B , 9 , 01/01/2020 00:00:00 , B, 	(21-FEB-2025 15:01:18)	 (Not Inserted)
2 ,2 , SEIPL , B , 9 , 01/01/2020 00:00:00 , B, 	(21-FEB-2025 15:01:18)	 (Not Inserted)
2 ,2 , SEIPL , B , 10 , 01/01/2020 00:00:00 , B, 	(21-FEB-2025 15:01:18)	 (Not Inserted)
2 ,2 , SEIPL , B , 10 , 01/01/2020 00:00:00 , B, 	(21-FEB-2025 15:01:18)	 (Not Inserted)
2 ,2 , SEIPL , B , 11 , 01/01/2020 00:00:00 , B, 	(21-FEB-2025 15:01:18)	 (Not Inserted)
2 ,2 , SEIPL , B , 11 , 01/01/2020 00:00:00 , B, 	(21-FEB-2025 15:01:18)	 (Not Inserted)
2 ,2 , SEIPL , B , 12 , 01/01/2020 00:00:00 , B, 	(21-FEB-2025 15:01:18)	 (Not Inserted)
2 ,2 , SEIPL , B , 12 , 01/01/2020 00:00:00 , B, 	(21-FEB-2025 15:01:18)	 (Not Inserted)
2 ,2 , SEIPL , B , 13 , 01/01/2020 00:00:00 , B, 	(21-FEB-2025 15:01:18)	 (Not Inserted)
2 ,2 , SEIPL , B , 13 , 01/01/2020 00:00:00 , B, 	(21-FEB-2025 15:01:18)	 (Not Inserted)
2 ,2 , SEIPL , B , 3 , 01/01/2005 00:00:00 , B, 	(21-FEB-2025 15:01:18)	 (Not Inserted)
2 ,2 , SEIPL , B , 3 , 01/01/2005 00:00:00 , B, 	(21-FEB-2025 15:01:18)	 (Not Inserted)
2 ,2 , SEIPL , B , 3 , 01/01/2020 00:00:00 , B, 	(21-FEB-2025 15:01:18)	 (Not Inserted)
2 ,2 , SEIPL , B , 3 , 01/01/2020 00:00:00 , B, 	(21-FEB-2025 15:01:18)	 (Not Inserted)
2 ,2 , SEIPL , B , 15 , 10/02/2021 00:00:00 , B, 	(21-FEB-2025 15:01:18)	 (Not Inserted)
2 ,2 , SEIPL , B , 15 , 10/02/2021 00:00:00 , B, 	(21-FEB-2025 15:01:18)	 (Not Inserted)
2 ,2 , SEIPL , B , 15 , 02/02/2022 00:00:00 , B, 	(21-FEB-2025 15:01:18)	 (Not Inserted)
2 ,2 , SEIPL , B , 15 , 02/02/2022 00:00:00 , B, 	(21-FEB-2025 15:01:18)	 (Not Inserted)
2 ,2 , SEIPL , B , 15 , 29/12/2021 00:00:00 , B, 	(21-FEB-2025 15:01:18)	 (Not Inserted)
2 ,2 , SEIPL , B , 15 , 29/12/2021 00:00:00 , B, 	(21-FEB-2025 15:01:18)	 (Not Inserted)
2 ,2 , SEIPL , B , 16 , 10/05/2021 00:00:00 , B, 	(21-FEB-2025 15:01:18)	 (Not Inserted)
2 ,2 , SEIPL , B , 16 , 10/05/2021 00:00:00 , B, 	(21-FEB-2025 15:01:18)	 (Not Inserted)
2 ,2 , SEIPL , B , 17 , 01/12/2020 00:00:00 , B, 	(21-FEB-2025 15:01:18)	 (Not Inserted)
2 ,2 , SEIPL , B , 17 , 01/12/2020 00:00:00 , B, 	(21-FEB-2025 15:01:18)	 (Not Inserted)
2 ,2 , SEIPL , B , 18 , 01/12/2020 00:00:00 , B, 	(21-FEB-2025 15:01:18)	 (Not Inserted)
2 ,2 , SEIPL , B , 18 , 01/12/2020 00:00:00 , B, 	(21-FEB-2025 15:01:18)	 (Not Inserted)
2 ,2 , SEIPL , B , 19 , 01/12/2020 00:00:00 , B, 	(21-FEB-2025 15:01:18)	 (Not Inserted)
2 ,2 , SEIPL , B , 19 , 01/12/2020 00:00:00 , B, 	(21-FEB-2025 15:01:18)	 (Not Inserted)
2 ,2 , SEIPL , B , 20 , 01/12/2020 00:00:00 , B, 	(21-FEB-2025 15:01:18)	 (Not Inserted)
2 ,2 , SEIPL , B , 20 , 01/12/2020 00:00:00 , B, 	(21-FEB-2025 15:01:18)	 (Not Inserted)
2 ,2 , SEIPL , B , 21 , 01/12/2020 00:00:00 , B, 	(21-FEB-2025 15:01:18)	 (Not Inserted)
2 ,2 , SEIPL , B , 21 , 01/12/2020 00:00:00 , B, 	(21-FEB-2025 15:01:18)	 (Not Inserted)
2 ,2 , SEIPL , B , 3 , 01/01/2005 00:00:00 , B, 	(21-FEB-2025 15:01:18)	 (Not Inserted)
2 ,2 , SEIPL , B , 3 , 01/01/2005 00:00:00 , B, 	(21-FEB-2025 15:01:18)	 (Not Inserted)
2 ,2 , SEIPL , B , 22 , 01/12/2020 00:00:00 , B, 	(21-FEB-2025 15:01:18)	 (Not Inserted)
2 ,2 , SEIPL , B , 22 , 01/12/2020 00:00:00 , B, 	(21-FEB-2025 15:01:18)	 (Not Inserted)
2 ,2 , SEIPL , B , 23 , 01/12/2020 00:00:00 , B, 	(21-FEB-2025 15:01:18)	 (Not Inserted)
2 ,2 , SEIPL , B , 23 , 01/12/2020 00:00:00 , B, 	(21-FEB-2025 15:01:18)	 (Not Inserted)
2 ,2 , SEIPL , B , 24 , 01/12/2020 00:00:00 , B, 	(21-FEB-2025 15:01:18)	 (Not Inserted)
2 ,2 , SEIPL , B , 24 , 01/12/2020 00:00:00 , B, 	(21-FEB-2025 15:01:18)	 (Not Inserted)
2 ,2 , SEIPL , B , 25 , 01/12/2020 00:00:00 , B, 	(21-FEB-2025 15:01:18)	 (Not Inserted)
2 ,2 , SEIPL , B , 25 , 01/12/2020 00:00:00 , B, 	(21-FEB-2025 15:01:18)	 (Not Inserted)
2 ,2 , SEIPL , B , 26 , 14/09/2021 00:00:00 , B, 	(21-FEB-2025 15:01:18)	 (Not Inserted)
2 ,2 , SEIPL , B , 26 , 14/09/2021 00:00:00 , B, 	(21-FEB-2025 15:01:18)	 (Not Inserted)
2 ,2 , SEIPL , B , 27 , 14/09/2021 00:00:00 , B, 	(21-FEB-2025 15:01:18)	 (Not Inserted)
2 ,2 , SEIPL , B , 27 , 26/12/2021 00:00:00 , B, 	(21-FEB-2025 15:01:18)	 (Not Inserted)
2 ,2 , SEIPL , B , 27 , 26/12/2021 00:00:00 , B, 	(21-FEB-2025 15:01:18)	 (Not Inserted)
2 ,2 , SEIPL , B , 27 , 14/09/2021 00:00:00 , B, 	(21-FEB-2025 15:01:18)	 (Not Inserted)
2 ,2 , SEIPL , B , 28 , 26/12/2021 00:00:00 , B, 	(21-FEB-2025 15:01:18)	 (Not Inserted)
2 ,2 , SEIPL , B , 28 , 26/12/2021 00:00:00 , B, 	(21-FEB-2025 15:01:18)	 (Not Inserted)
2 ,2 , SEIPL , B , 28 , 15/11/2021 00:00:00 , B, 	(21-FEB-2025 15:01:18)	 (Not Inserted)
2 ,2 , SEIPL , B , 28 , 15/11/2021 00:00:00 , B, 	(21-FEB-2025 15:01:18)	 (Not Inserted)
2 ,2 , SEIPL , B , 29 , 15/11/2021 00:00:00 , B, 	(21-FEB-2025 15:01:18)	 (Not Inserted)
2 ,2 , SEIPL , B , 29 , 15/11/2021 00:00:00 , B, 	(21-FEB-2025 15:01:18)	 (Not Inserted)
2 ,2 , SEIPL , B , 3 , 01/01/2005 00:00:00 , P2, 	(21-FEB-2025 15:01:18)	 (Not Inserted)
2 ,2 , SEIPL , B , 3 , 01/01/2005 00:00:00 , P2, 	(21-FEB-2025 15:01:18)	 (Not Inserted)
2 ,2 , SEIPL , B , 28 , 26/12/2021 00:00:00 , P2, 	(21-FEB-2025 15:01:18)	 (Not Inserted)
2 ,2 , SEIPL , B , 28 , 26/12/2021 00:00:00 , P2, 	(21-FEB-2025 15:01:18)	 (Not Inserted)
2 ,2 , SEIPL , B , 31 , 02/02/2022 00:00:00 , B, 	(21-FEB-2025 15:01:18)	 (Not Inserted)
2 ,2 , SEIPL , B , 31 , 02/02/2022 00:00:00 , B, 	(21-FEB-2025 15:01:18)	 (Not Inserted)
2 ,2 , SEIPL , B , 3 , 01/05/2022 00:00:00 , B, 	(21-FEB-2025 15:01:18)	 (Not Inserted)
2 ,2 , SEIPL , B , 3 , 01/05/2022 00:00:00 , B, 	(21-FEB-2025 15:01:18)	 (Not Inserted)
2 ,2 , SEIPL , B , 4 , 01/06/2022 00:00:00 , B, 	(21-FEB-2025 15:01:18)	 (Not Inserted)
2 ,2 , SEIPL , B , 4 , 01/06/2022 00:00:00 , B, 	(21-FEB-2025 15:01:18)	 (Not Inserted)
2 ,2 , SEIPL , B , 3 , 01/01/2005 00:00:00 , B, 	(21-FEB-2025 15:01:18)	 (Not Inserted)
2 ,2 , SEIPL , B , 3 , 01/01/2005 00:00:00 , B, 	(21-FEB-2025 15:01:18)	 (Not Inserted)
2 ,2 , SEIPL , B , 34 , 21/10/2022 00:00:00 , B, 	(21-FEB-2025 15:01:18)	 (Not Inserted)
2 ,2 , SEIPL , B , 34 , 21/10/2022 00:00:00 , B, 	(21-FEB-2025 15:01:18)	 (Not Inserted)
2 ,2 , SEIPL , B , 35 , 01/08/2023 00:00:00 , B, 	(21-FEB-2025 15:01:18)	 (Not Inserted)
2 ,2 , SEIPL , B , 35 , 01/08/2023 00:00:00 , B, 	(21-FEB-2025 15:01:18)	 (Not Inserted)
2 ,2 , SEIPL , B , 36 , 01/06/2024 00:00:00 , B, 	(21-FEB-2025 15:01:18)	 (Not Inserted)
2 ,2 , SEIPL , B , 36 , 01/06/2024 00:00:00 , B, 	(21-FEB-2025 15:01:18)	 (Not Inserted)
2 ,2 , SEIPL , B , 1 , 01/03/2017 00:00:00 , B, 	(21-FEB-2025 15:01:18)	 (Not Inserted)
2 ,2 , SEIPL , B , 1 , 01/01/2005 00:00:00 , P2, 	(21-FEB-2025 15:01:18)	 (Not Inserted)
2 ,2 , SEIPL , B , 1 , 01/01/2005 00:00:00 , P2, 	(21-FEB-2025 15:01:18)	 (Not Inserted)
2 ,2 , SEIPL , B , 1 , 01/03/2017 00:00:00 , B, 	(21-FEB-2025 15:01:18)	 (Not Inserted)
2 ,2 , SEIPL , B , 2 , 01/01/2020 00:00:00 , R, 	(21-FEB-2025 15:01:18)	 (Not Inserted)
2 ,2 , SEIPL , B , 2 , 09/02/2022 00:00:00 , R, 	(21-FEB-2025 15:01:18)	 (Not Inserted)
2 ,2 , SEIPL , B , 2 , 01/01/2020 00:00:00 , R, 	(21-FEB-2025 15:01:18)	 (Not Inserted)
2 ,2 , SEIPL , B , 2 , 09/02/2022 00:00:00 , R, 	(21-FEB-2025 15:01:18)	 (Not Inserted)
2 ,2 , SEIPL , B , 2 , 01/01/2005 00:00:00 , R, 	(21-FEB-2025 15:01:18)	 (Not Inserted)
2 ,2 , SEIPL , B , 2 , 01/01/2005 00:00:00 , R, 	(21-FEB-2025 15:01:18)	 (Not Inserted)
2 ,2 , SEIPL , B , 3 , 01/01/2022 00:00:00 , R, 	(21-FEB-2025 15:01:18)	 (Not Inserted)
2 ,2 , SEIPL , B , 3 , 01/01/2022 00:00:00 , R, 	(21-FEB-2025 15:01:18)	 (Not Inserted)
2 ,2 , SEIPL , B , 3 , 01/01/2005 00:00:00 , R, 	(21-FEB-2025 15:01:18)	 (Not Inserted)
2 ,2 , SEIPL , B , 3 , 01/01/2005 00:00:00 , R, 	(21-FEB-2025 15:01:18)	 (Not Inserted)
2 ,2 , SEIPL , B , 4 , 01/08/2011 00:00:00 , P2, 	(21-FEB-2025 15:01:18)	 (Not Inserted)
2 ,2 , SEIPL , B , 4 , 01/08/2011 00:00:00 , P2, 	(21-FEB-2025 15:01:18)	 (Not Inserted)
2 ,2 , SEIPL , B , 4 , 14/10/2019 00:00:00 , B, 	(21-FEB-2025 15:01:18)	 (Not Inserted)
2 ,2 , SEIPL , B , 4 , 14/10/2019 00:00:00 , B, 	(21-FEB-2025 15:01:18)	 (Not Inserted)
2 ,2 , SEIPL , B , 4 , 14/06/2022 00:00:00 , R, 	(21-FEB-2025 15:01:18)	 (Not Inserted)
2 ,2 , SEIPL , B , 4 , 14/06/2022 00:00:00 , R, 	(21-FEB-2025 15:01:18)	 (Not Inserted)
2 ,2 , SEIPL , B , 3 , 01/01/2005 00:00:00 , B, 	(21-FEB-2025 15:01:18)	 (Not Inserted)
2 ,2 , SEIPL , B , 3 , 01/01/2005 00:00:00 , B, 	(21-FEB-2025 15:01:18)	 (Not Inserted)
2 ,2 , SEIPL , B , 5 , 25/03/2014 00:00:00 , P2, 	(21-FEB-2025 15:01:18)	 (Not Inserted)
2 ,2 , SEIPL , B , 5 , 25/03/2014 00:00:00 , P2, 	(21-FEB-2025 15:01:18)	 (Not Inserted)
2 ,2 , SEIPL , B , 3 , 01/01/2005 00:00:00 , P2, 	(21-FEB-2025 15:01:18)	 (Not Inserted)
2 ,2 , SEIPL , B , 3 , 01/01/2005 00:00:00 , P2, 	(21-FEB-2025 15:01:18)	 (Not Inserted)
2 ,2 , SEIPL , B , 5 , 31/10/2023 00:00:00 , P2, 	(21-FEB-2025 15:01:18)	 (Not Inserted)
2 ,2 , SEIPL , B , 5 , 31/10/2023 00:00:00 , P2, 	(21-FEB-2025 15:01:18)	 (Not Inserted)
2 ,2 , SEIPL , B , 6 , 31/01/2017 00:00:00 , B, 	(21-FEB-2025 15:01:18)	 (Not Inserted)
2 ,2 , SEIPL , B , 6 , 31/01/2017 00:00:00 , B, 	(21-FEB-2025 15:01:18)	 (Not Inserted)
2 ,2 , SEIPL , B , 7 , 01/02/2019 00:00:00 , B, 	(21-FEB-2025 15:01:18)	 (Not Inserted)
2 ,2 , SEIPL , B , 7 , 01/02/2019 00:00:00 , B, 	(21-FEB-2025 15:01:18)	 (Not Inserted)
2 ,2 , SEIPL , B , 4 , 01/01/2020 00:00:00 , B, 	(21-FEB-2025 15:01:18)	 (Not Inserted)
2 ,2 , SEIPL , B , 4 , 01/01/2020 00:00:00 , B, 	(21-FEB-2025 15:01:18)	 (Not Inserted)
2 ,2 , SEIPL , B , 3 , 01/01/2005 00:00:00 , B, 	(21-FEB-2025 15:01:18)	 (Not Inserted)
2 ,2 , SEIPL , B , 3 , 01/01/2005 00:00:00 , B, 	(21-FEB-2025 15:01:18)	 (Not Inserted)
2 ,2 , SEIPL , B , 9 , 01/01/2020 00:00:00 , B, 	(21-FEB-2025 15:01:18)	 (Not Inserted)
2 ,2 , SEIPL , B , 9 , 01/01/2020 00:00:00 , B, 	(21-FEB-2025 15:01:18)	 (Not Inserted)
2 ,2 , SEIPL , B , 10 , 01/01/2020 00:00:00 , B, 	(21-FEB-2025 15:01:18)	 (Not Inserted)
2 ,2 , SEIPL , B , 10 , 01/01/2020 00:00:00 , B, 	(21-FEB-2025 15:01:18)	 (Not Inserted)
2 ,2 , SEIPL , B , 11 , 01/01/2020 00:00:00 , B, 	(21-FEB-2025 15:01:18)	 (Not Inserted)
2 ,2 , SEIPL , B , 11 , 01/01/2020 00:00:00 , B, 	(21-FEB-2025 15:01:18)	 (Not Inserted)
2 ,2 , SEIPL , B , 12 , 01/01/2020 00:00:00 , B, 	(21-FEB-2025 15:01:18)	 (Not Inserted)
2 ,2 , SEIPL , B , 12 , 01/01/2020 00:00:00 , B, 	(21-FEB-2025 15:01:18)	 (Not Inserted)
2 ,2 , SEIPL , B , 13 , 01/01/2020 00:00:00 , B, 	(21-FEB-2025 15:01:18)	 (Not Inserted)
2 ,2 , SEIPL , B , 13 , 01/01/2020 00:00:00 , B, 	(21-FEB-2025 15:01:18)	 (Not Inserted)
2 ,2 , SEIPL , B , 3 , 01/01/2005 00:00:00 , B, 	(21-FEB-2025 15:01:18)	 (Not Inserted)
2 ,2 , SEIPL , B , 3 , 01/01/2005 00:00:00 , B, 	(21-FEB-2025 15:01:18)	 (Not Inserted)
2 ,2 , SEIPL , B , 3 , 01/01/2020 00:00:00 , B, 	(21-FEB-2025 15:01:18)	 (Not Inserted)
2 ,2 , SEIPL , B , 3 , 01/01/2020 00:00:00 , B, 	(21-FEB-2025 15:01:18)	 (Not Inserted)
2 ,2 , SEIPL , B , 15 , 10/02/2021 00:00:00 , B, 	(21-FEB-2025 15:01:18)	 (Not Inserted)
2 ,2 , SEIPL , B , 15 , 10/02/2021 00:00:00 , B, 	(21-FEB-2025 15:01:18)	 (Not Inserted)
2 ,2 , SEIPL , B , 15 , 02/02/2022 00:00:00 , B, 	(21-FEB-2025 15:01:18)	 (Not Inserted)
2 ,2 , SEIPL , B , 15 , 02/02/2022 00:00:00 , B, 	(21-FEB-2025 15:01:18)	 (Not Inserted)
2 ,2 , SEIPL , B , 15 , 29/12/2021 00:00:00 , B, 	(21-FEB-2025 15:01:18)	 (Not Inserted)
2 ,2 , SEIPL , B , 15 , 29/12/2021 00:00:00 , B, 	(21-FEB-2025 15:01:18)	 (Not Inserted)
2 ,2 , SEIPL , B , 16 , 10/05/2021 00:00:00 , B, 	(21-FEB-2025 15:01:18)	 (Not Inserted)
2 ,2 , SEIPL , B , 16 , 10/05/2021 00:00:00 , B, 	(21-FEB-2025 15:01:18)	 (Not Inserted)
2 ,2 , SEIPL , B , 17 , 01/12/2020 00:00:00 , B, 	(21-FEB-2025 15:01:18)	 (Not Inserted)
2 ,2 , SEIPL , B , 17 , 01/12/2020 00:00:00 , B, 	(21-FEB-2025 15:01:18)	 (Not Inserted)
2 ,2 , SEIPL , B , 18 , 01/12/2020 00:00:00 , B, 	(21-FEB-2025 15:01:18)	 (Not Inserted)
2 ,2 , SEIPL , B , 18 , 01/12/2020 00:00:00 , B, 	(21-FEB-2025 15:01:18)	 (Not Inserted)
2 ,2 , SEIPL , B , 19 , 01/12/2020 00:00:00 , B, 	(21-FEB-2025 15:01:18)	 (Not Inserted)
2 ,2 , SEIPL , B , 19 , 01/12/2020 00:00:00 , B, 	(21-FEB-2025 15:01:18)	 (Not Inserted)
2 ,2 , SEIPL , B , 20 , 01/12/2020 00:00:00 , B, 	(21-FEB-2025 15:01:18)	 (Not Inserted)
2 ,2 , SEIPL , B , 20 , 01/12/2020 00:00:00 , B, 	(21-FEB-2025 15:01:18)	 (Not Inserted)
2 ,2 , SEIPL , B , 21 , 01/12/2020 00:00:00 , B, 	(21-FEB-2025 15:01:18)	 (Not Inserted)
2 ,2 , SEIPL , B , 21 , 01/12/2020 00:00:00 , B, 	(21-FEB-2025 15:01:18)	 (Not Inserted)
2 ,2 , SEIPL , B , 3 , 01/01/2005 00:00:00 , B, 	(21-FEB-2025 15:01:18)	 (Not Inserted)
2 ,2 , SEIPL , B , 3 , 01/01/2005 00:00:00 , B, 	(21-FEB-2025 15:01:18)	 (Not Inserted)
2 ,2 , SEIPL , B , 22 , 01/12/2020 00:00:00 , B, 	(21-FEB-2025 15:01:18)	 (Not Inserted)
2 ,2 , SEIPL , B , 22 , 01/12/2020 00:00:00 , B, 	(21-FEB-2025 15:01:18)	 (Not Inserted)
2 ,2 , SEIPL , B , 23 , 01/12/2020 00:00:00 , B, 	(21-FEB-2025 15:01:18)	 (Not Inserted)
2 ,2 , SEIPL , B , 23 , 01/12/2020 00:00:00 , B, 	(21-FEB-2025 15:01:18)	 (Not Inserted)
2 ,2 , SEIPL , B , 24 , 01/12/2020 00:00:00 , B, 	(21-FEB-2025 15:01:18)	 (Not Inserted)
2 ,2 , SEIPL , B , 24 , 01/12/2020 00:00:00 , B, 	(21-FEB-2025 15:01:18)	 (Not Inserted)
2 ,2 , SEIPL , B , 25 , 01/12/2020 00:00:00 , B, 	(21-FEB-2025 15:01:18)	 (Not Inserted)
2 ,2 , SEIPL , B , 25 , 01/12/2020 00:00:00 , B, 	(21-FEB-2025 15:01:18)	 (Not Inserted)
2 ,2 , SEIPL , B , 26 , 14/09/2021 00:00:00 , B, 	(21-FEB-2025 15:01:18)	 (Not Inserted)
2 ,2 , SEIPL , B , 26 , 14/09/2021 00:00:00 , B, 	(21-FEB-2025 15:01:18)	 (Not Inserted)
2 ,2 , SEIPL , B , 27 , 14/09/2021 00:00:00 , B, 	(21-FEB-2025 15:01:18)	 (Not Inserted)
2 ,2 , SEIPL , B , 27 , 26/12/2021 00:00:00 , B, 	(21-FEB-2025 15:01:18)	 (Not Inserted)
2 ,2 , SEIPL , B , 27 , 26/12/2021 00:00:00 , B, 	(21-FEB-2025 15:01:18)	 (Not Inserted)
2 ,2 , SEIPL , B , 27 , 14/09/2021 00:00:00 , B, 	(21-FEB-2025 15:01:18)	 (Not Inserted)
2 ,2 , SEIPL , B , 28 , 26/12/2021 00:00:00 , B, 	(21-FEB-2025 15:01:18)	 (Not Inserted)
2 ,2 , SEIPL , B , 28 , 26/12/2021 00:00:00 , B, 	(21-FEB-2025 15:01:18)	 (Not Inserted)
2 ,2 , SEIPL , B , 28 , 15/11/2021 00:00:00 , B, 	(21-FEB-2025 15:01:18)	 (Not Inserted)
2 ,2 , SEIPL , B , 28 , 15/11/2021 00:00:00 , B, 	(21-FEB-2025 15:01:18)	 (Not Inserted)
2 ,2 , SEIPL , B , 29 , 15/11/2021 00:00:00 , B, 	(21-FEB-2025 15:01:18)	 (Not Inserted)
2 ,2 , SEIPL , B , 29 , 15/11/2021 00:00:00 , B, 	(21-FEB-2025 15:01:18)	 (Not Inserted)
2 ,2 , SEIPL , B , 3 , 01/01/2005 00:00:00 , P2, 	(21-FEB-2025 15:01:18)	 (Not Inserted)
2 ,2 , SEIPL , B , 3 , 01/01/2005 00:00:00 , P2, 	(21-FEB-2025 15:01:18)	 (Not Inserted)
2 ,2 , SEIPL , B , 28 , 26/12/2021 00:00:00 , P2, 	(21-FEB-2025 15:01:18)	 (Not Inserted)
2 ,2 , SEIPL , B , 28 , 26/12/2021 00:00:00 , P2, 	(21-FEB-2025 15:01:18)	 (Not Inserted)
2 ,2 , SEIPL , B , 31 , 02/02/2022 00:00:00 , B, 	(21-FEB-2025 15:01:18)	 (Not Inserted)
2 ,2 , SEIPL , B , 31 , 02/02/2022 00:00:00 , B, 	(21-FEB-2025 15:01:18)	 (Not Inserted)
2 ,2 , SEIPL , B , 3 , 01/05/2022 00:00:00 , B, 	(21-FEB-2025 15:01:18)	 (Not Inserted)
2 ,2 , SEIPL , B , 3 , 01/05/2022 00:00:00 , B, 	(21-FEB-2025 15:01:18)	 (Not Inserted)
2 ,2 , SEIPL , B , 4 , 01/06/2022 00:00:00 , B, 	(21-FEB-2025 15:01:18)	 (Not Inserted)
2 ,2 , SEIPL , B , 4 , 01/06/2022 00:00:00 , B, 	(21-FEB-2025 15:01:18)	 (Not Inserted)
2 ,2 , SEIPL , B , 3 , 01/01/2005 00:00:00 , B, 	(21-FEB-2025 15:01:18)	 (Not Inserted)
2 ,2 , SEIPL , B , 3 , 01/01/2005 00:00:00 , B, 	(21-FEB-2025 15:01:18)	 (Not Inserted)
2 ,2 , SEIPL , B , 34 , 21/10/2022 00:00:00 , B, 	(21-FEB-2025 15:01:18)	 (Not Inserted)
2 ,2 , SEIPL , B , 34 , 21/10/2022 00:00:00 , B, 	(21-FEB-2025 15:01:18)	 (Not Inserted)
2 ,2 , SEIPL , B , 35 , 01/08/2023 00:00:00 , B, 	(21-FEB-2025 15:01:18)	 (Not Inserted)
2 ,2 , SEIPL , B , 35 , 01/08/2023 00:00:00 , B, 	(21-FEB-2025 15:01:18)	 (Not Inserted)
2 ,2 , SEIPL , B , 36 , 01/06/2024 00:00:00 , B, 	(21-FEB-2025 15:01:18)	 (Not Inserted)
2 ,2 , SEIPL , B , 36 , 01/06/2024 00:00:00 , B, 	(21-FEB-2025 15:01:18)	 (Not Inserted)

TOTAL DATA IN EXCEL : ,2636,,,,,, 	(21-FEB-2025 15:01:18)
 

TOTAL DATA INSERTED : ,0,,,,,, 	(21-FEB-2025 15:01:18)
 

TOTAL SKIPPED DATA ,2636,,,,,, 	(21-FEB-2025 15:01:18)
 
<<END>>,<<FMS_ENTITY_CONTACT_MST>>,,,,,, 	(21-FEB-2025 15:01:18)
 

<<START>>,<<FMS_METER_MST>>,,,,, 	(21-FEB-2025 15:01:18)
 
COMPANY_CD,CD,ABBR,PLANT_SEQ,METER_TYPE,METER_SEQ,TIMESTAMP
2 ,29 , PipeInfra , 9 , R , 1, 	(21-FEB-2025 15:01:18)	 (Not Inserted)
2 ,29 , PipeInfra , 9 , R , 2, 	(21-FEB-2025 15:01:18)	 (Not Inserted)
2 ,29 , PipeInfra , 9 , R , 1, 	(21-FEB-2025 15:01:18)	 (Not Inserted)
2 ,29 , PipeInfra , 9 , R , 2, 	(21-FEB-2025 15:01:18)	 (Not Inserted)
2 ,45 , GSPL , 1 , R , 1, 	(21-FEB-2025 15:01:18)	 (Not Inserted)
2 ,45 , GSPL , 2 , R , 1, 	(21-FEB-2025 15:01:18)	 (Not Inserted)
2 ,45 , GSPL , 3 , R , 1, 	(21-FEB-2025 15:01:18)	 (Not Inserted)
2 ,45 , GSPL , 4 , R , 1, 	(21-FEB-2025 15:01:18)	 (Not Inserted)
2 ,45 , GSPL , 4 , R , 2, 	(21-FEB-2025 15:01:18)	 (Not Inserted)
2 ,4 , Gail , 10 , R , 1, 	(21-FEB-2025 15:01:18)	 (Not Inserted)
2 ,4 , Gail , 10 , R , 1, 	(21-FEB-2025 15:01:18)	 (Not Inserted)
2 ,4 , Gail , 10 , R , 1, 	(21-FEB-2025 15:01:18)	 (Not Inserted)
2 ,4 , Gail , 11 , R , 1, 	(21-FEB-2025 15:01:18)	 (Not Inserted)
2 ,4 , Gail , 11 , R , 2, 	(21-FEB-2025 15:01:18)	 (Not Inserted)
2 ,4 , Gail , 11 , R , 1, 	(21-FEB-2025 15:01:18)	 (Not Inserted)
2 ,4 , Gail , 11 , R , 2, 	(21-FEB-2025 15:01:18)	 (Not Inserted)
2 ,4 , Gail , 12 , R , 1, 	(21-FEB-2025 15:01:18)	 (Not Inserted)
2 ,29 , PipeInfra , 10 , R , 1, 	(21-FEB-2025 15:01:18)	 (Not Inserted)
2 ,29 , PipeInfra , 10 , R , 1, 	(21-FEB-2025 15:01:18)	 (Not Inserted)
2 ,29 , PipeInfra , 10 , R , 1, 	(21-FEB-2025 15:01:18)	 (Not Inserted)
2 ,29 , PipeInfra , 11 , R , 1, 	(21-FEB-2025 15:01:18)	 (Not Inserted)
2 ,29 , PipeInfra , 11 , R , 1, 	(21-FEB-2025 15:01:18)	 (Not Inserted)
2 ,29 , PipeInfra , 11 , R , 1, 	(21-FEB-2025 15:01:18)	 (Not Inserted)
2 ,29 , PipeInfra , 12 , R , 1, 	(21-FEB-2025 15:01:18)	 (Not Inserted)
2 ,29 , PipeInfra , 12 , R , 1, 	(21-FEB-2025 15:01:18)	 (Not Inserted)
2 ,29 , PipeInfra , 12 , R , 1, 	(21-FEB-2025 15:01:18)	 (Not Inserted)
2 ,4 , Gail , 13 , R , 1, 	(21-FEB-2025 15:01:18)	 (Not Inserted)
2 ,4 , Gail , 13 , R , 1, 	(21-FEB-2025 15:01:18)	 (Not Inserted)
2 , , PARK-ANK , 1 , R , 1, 	(21-FEB-2025 15:01:18)	 (Not Inserted)
2 , , PARK-ANK , 2 , R , 1, 	(21-FEB-2025 15:01:18)	 (Not Inserted)
2 ,53 , RGPL , 1 , R , 1, 	(21-FEB-2025 15:01:18)	 (Not Inserted)
2 ,53 , RGPL , 1 , R , 1, 	(21-FEB-2025 15:01:18)	 (Not Inserted)
2 , , PARK-MSK , 1 , R , 1, 	(21-FEB-2025 15:01:18)	 (Not Inserted)
2 , , PARK-BHD , 1 , R , 1, 	(21-FEB-2025 15:01:18)	 (Not Inserted)
2 , , PARKPHUCBM , 1 , R , 1, 	(21-FEB-2025 15:01:18)	 (Not Inserted)
2 ,29 , PipeInfra , 13 , R , 1, 	(21-FEB-2025 15:01:18)	 (Not Inserted)
2 ,4 , Gail , 1 , R , 1, 	(21-FEB-2025 15:01:18)	 (Not Inserted)
2 ,4 , Gail , 1 , R , 2, 	(21-FEB-2025 15:01:18)	 (Not Inserted)
2 ,4 , Gail , 1 , R , 3, 	(21-FEB-2025 15:01:18)	 (Not Inserted)
2 ,4 , Gail , 2 , R , 1, 	(21-FEB-2025 15:01:18)	 (Not Inserted)
2 ,4 , Gail , 2 , R , 2, 	(21-FEB-2025 15:01:18)	 (Not Inserted)
2 ,4 , Gail , 3 , R , 1, 	(21-FEB-2025 15:01:18)	 (Not Inserted)
2 ,4 , Gail , 3 , R , 2, 	(21-FEB-2025 15:01:18)	 (Not Inserted)
2 ,4 , Gail , 4 , R , 1, 	(21-FEB-2025 15:01:18)	 (Not Inserted)
2 ,4 , Gail , 4 , R , 2, 	(21-FEB-2025 15:01:18)	 (Not Inserted)
2 ,4 , Gail , 5 , R , 1, 	(21-FEB-2025 15:01:18)	 (Not Inserted)
2 ,4 , Gail , 6 , R , 1, 	(21-FEB-2025 15:01:18)	 (Not Inserted)
2 ,4 , Gail , 7 , R , 1, 	(21-FEB-2025 15:01:18)	 (Not Inserted)
2 ,4 , Gail , 7 , R , 2, 	(21-FEB-2025 15:01:18)	 (Not Inserted)
2 ,4 , Gail , 8 , R , 1, 	(21-FEB-2025 15:01:18)	 (Not Inserted)
2 ,4 , Gail , 8 , R , 2, 	(21-FEB-2025 15:01:18)	 (Not Inserted)
2 ,4 , Gail , 9 , R , 1, 	(21-FEB-2025 15:01:18)	 (Not Inserted)
2 ,4 , Gail , 9 , R , 2, 	(21-FEB-2025 15:01:18)	 (Not Inserted)
2 ,53 , RGPL , 1 , R , 1, 	(21-FEB-2025 15:01:18)	 (Not Inserted)
2 ,53 , RGPL , 1 , R , 2, 	(21-FEB-2025 15:01:18)	 (Not Inserted)
2 ,29 , PipeInfra , 1 , R , 1, 	(21-FEB-2025 15:01:18)	 (Not Inserted)
2 ,29 , PipeInfra , 1 , R , 2, 	(21-FEB-2025 15:01:18)	 (Not Inserted)
2 ,29 , PipeInfra , 1 , R , 3, 	(21-FEB-2025 15:01:18)	 (Not Inserted)
2 ,29 , PipeInfra , 2 , R , 1, 	(21-FEB-2025 15:01:18)	 (Not Inserted)
2 ,29 , PipeInfra , 3 , R , 1, 	(21-FEB-2025 15:01:18)	 (Not Inserted)
2 ,29 , PipeInfra , 3 , R , 2, 	(21-FEB-2025 15:01:18)	 (Not Inserted)
2 ,29 , PipeInfra , 4 , R , 1, 	(21-FEB-2025 15:01:18)	 (Not Inserted)
2 ,29 , PipeInfra , 4 , R , 2, 	(21-FEB-2025 15:01:18)	 (Not Inserted)
2 ,29 , PipeInfra , 5 , R , 1, 	(21-FEB-2025 15:01:18)	 (Not Inserted)
2 ,29 , PipeInfra , 5 , R , 2, 	(21-FEB-2025 15:01:18)	 (Not Inserted)
2 ,29 , PipeInfra , 6 , R , 1, 	(21-FEB-2025 15:01:18)	 (Not Inserted)
2 ,29 , PipeInfra , 6 , R , 2, 	(21-FEB-2025 15:01:18)	 (Not Inserted)
2 ,29 , PipeInfra , 7 , R , 1, 	(21-FEB-2025 15:01:18)	 (Not Inserted)
2 ,29 , PipeInfra , 8 , R , 1, 	(21-FEB-2025 15:01:18)	 (Not Inserted)
2 ,29 , PipeInfra , 8 , R , 2, 	(21-FEB-2025 15:01:18)	 (Not Inserted)
2 ,168 , GSIGLIM , 1 , R , 1, 	(21-FEB-2025 15:01:18)	 (Not Inserted)
2 ,168 , GSIGLIM , 2 , R , 1, 	(21-FEB-2025 15:01:18)	 (Not Inserted)
2 ,134 , GSINLIM , 1 , R , 1, 	(21-FEB-2025 15:01:18)	 (Not Inserted)
2 ,134 , GSINLIM , 1 , R , 2, 	(21-FEB-2025 15:01:18)	 (Not Inserted)

TOTAL DATA IN EXCEL : ,74,,,,, 	(21-FEB-2025 15:01:18)
 

TOTAL DATA INSERTED : ,0,,,,, 	(21-FEB-2025 15:01:18)
 

TOTAL SKIPPED DATA ,74,,,,, 	(21-FEB-2025 15:01:18)
 
<<END>>,<<FMS_METER_MST>>,,,,, 	(21-FEB-2025 15:01:18)
 

<<START>>,<<FMS_COUNTERPARTY_PLANT_TAX>>,,,,, 	(21-FEB-2025 15:01:18)
 
COMPANY_CD,CD,ABBR,ENTITY,PLANT_SEQ_NO,STAT_CD,TIMESTAMP
2 , 1 , RIL , C , 1 , 1001, 	(21-FEB-2025 15:01:18)	 (Not Inserted)
2 , 1 , RIL , C , 1 , 1003, 	(21-FEB-2025 15:01:18)	 (Not Inserted)
2 , 1 , RIL , C , 2 , 1003, 	(21-FEB-2025 15:01:18)	 (Not Inserted)
2 , 1 , RIL , C , 2 , 1004, 	(21-FEB-2025 15:01:18)	 (Not Inserted)
2 , 1 , RIL , C , 2 , 1005, 	(21-FEB-2025 15:01:18)	 (Not Inserted)
2 , 1 , RIL , C , 2 , 1001, 	(21-FEB-2025 15:01:18)	 (Not Inserted)
2 , 1 , RIL , C , 3 , 1001, 	(21-FEB-2025 15:01:18)	 (Not Inserted)
2 , 1 , RIL , C , 3 , 1005, 	(21-FEB-2025 15:01:18)	 (Not Inserted)
2 , 1 , RIL , C , 3 , 1004, 	(21-FEB-2025 15:01:18)	 (Not Inserted)
2 , 1 , RIL , C , 3 , 1003, 	(21-FEB-2025 15:01:18)	 (Not Inserted)
2 , 1 , RIL , C , 4 , 1003, 	(21-FEB-2025 15:01:18)	 (Not Inserted)
2 , 1 , RIL , C , 4 , 1001, 	(21-FEB-2025 15:01:18)	 (Not Inserted)
2 , 1 , RIL , C , 5 , 1001, 	(21-FEB-2025 15:01:18)	 (Not Inserted)
2 , 1 , RIL , C , 5 , 1003, 	(21-FEB-2025 15:01:18)	 (Not Inserted)
2 , 1 , RIL , C , 6 , 1004, 	(21-FEB-2025 15:01:18)	 (Not Inserted)
2 , 1 , RIL , C , 6 , 1005, 	(21-FEB-2025 15:01:18)	 (Not Inserted)
2 , 1 , RIL , C , 6 , 1001, 	(21-FEB-2025 15:01:18)	 (Not Inserted)
2 , 1 , RIL , C , 7 , 1001, 	(21-FEB-2025 15:01:18)	 (Not Inserted)
2 , 1 , RIL , C , 7 , 1003, 	(21-FEB-2025 15:01:18)	 (Not Inserted)
2 , 1 , RIL , C , 8 , 1004, 	(21-FEB-2025 15:01:18)	 (Not Inserted)
2 , 1 , RIL , C , 8 , 1003, 	(21-FEB-2025 15:01:18)	 (Not Inserted)
2 , 1 , RIL , C , 8 , 1001, 	(21-FEB-2025 15:01:18)	 (Not Inserted)
2 , 1 , RIL , C , 9 , 1003, 	(21-FEB-2025 15:01:18)	 (Not Inserted)
2 , 1 , RIL , C , 9 , 1001, 	(21-FEB-2025 15:01:18)	 (Not Inserted)
2 , 1 , RIL , C , 10 , 1001, 	(21-FEB-2025 15:01:18)	 (Not Inserted)
2 , 1 , RIL , C , 11 , 1001, 	(21-FEB-2025 15:01:18)	 (Not Inserted)
2 , 1 , RIL , C , 12 , 1001, 	(21-FEB-2025 15:01:18)	 (Not Inserted)
2 , 1 , RIL , C , 13 , 1001, 	(21-FEB-2025 15:01:18)	 (Not Inserted)
2 , 1 , RIL , C , 13 , 1003, 	(21-FEB-2025 15:01:18)	 (Not Inserted)
2 , 1 , RIL , C , 14 , 1001, 	(21-FEB-2025 15:01:18)	 (Not Inserted)
2 , 1 , RIL , C , 14 , 1003, 	(21-FEB-2025 15:01:18)	 (Not Inserted)
2 , 1 , RIL , C , 15 , 1001, 	(21-FEB-2025 15:01:18)	 (Not Inserted)
2 , 1 , RIL , C , 15 , 1004, 	(21-FEB-2025 15:01:18)	 (Not Inserted)
2 , 1 , RIL , C , 16 , 1001, 	(21-FEB-2025 15:01:18)	 (Not Inserted)
2 , 1 , RIL , C , 16 , 1004, 	(21-FEB-2025 15:01:18)	 (Not Inserted)
2 , 1 , RIL , C , 17 , 1001, 	(21-FEB-2025 15:01:18)	 (Not Inserted)
2 , 1 , RIL , C , 17 , 1004, 	(21-FEB-2025 15:01:18)	 (Not Inserted)
2 , 2 , MGL , C , 1 , 1004, 	(21-FEB-2025 15:01:18)	 (Not Inserted)
2 , 2 , MGL , C , 1 , 1001, 	(21-FEB-2025 15:01:18)	 (Not Inserted)
2 , 3 , GSPCL , C , 1 , 1003, 	(21-FEB-2025 15:01:18)	 (Not Inserted)
2 , 3 , GSPCL , C , 1 , 1006, 	(21-FEB-2025 15:01:18)	 (Not Inserted)
2 , 3 , GSPCL , C , 1 , 1005, 	(21-FEB-2025 15:01:18)	 (Not Inserted)
2 , 3 , GSPCL , C , 1 , 1001, 	(21-FEB-2025 15:01:18)	 (Not Inserted)
2 , 3 , GSPCL , C , 1 , 1004, 	(21-FEB-2025 15:01:18)	 (Not Inserted)
2 , 3 , GSPCL , C , 2 , 1001, 	(21-FEB-2025 15:01:18)	 (Not Inserted)
2 , 3 , GSPCL , C , 2 , 1004, 	(21-FEB-2025 15:01:18)	 (Not Inserted)
2 , 3 , GSPCL , C , 2 , 1005, 	(21-FEB-2025 15:01:18)	 (Not Inserted)
2 , 3 , GSPCL , C , 3 , 1001, 	(21-FEB-2025 15:01:18)	 (Not Inserted)
2 , 3 , GSPCL , C , 3 , 1004, 	(21-FEB-2025 15:01:18)	 (Not Inserted)
2 , 3 , GSPCL , C , 3 , 1005, 	(21-FEB-2025 15:01:18)	 (Not Inserted)
2 , 4 , Gail , C , 1 , 1004, 	(21-FEB-2025 15:01:18)	 (Not Inserted)
2 , 4 , Gail , C , 1 , 1005, 	(21-FEB-2025 15:01:18)	 (Not Inserted)
2 , 4 , Gail , C , 1 , 1003, 	(21-FEB-2025 15:01:18)	 (Not Inserted)
2 , 4 , Gail , C , 1 , 1001, 	(21-FEB-2025 15:01:18)	 (Not Inserted)
2 , 4 , Gail , C , 2 , 1006, 	(21-FEB-2025 15:01:18)	 (Not Inserted)
2 , 4 , Gail , C , 2 , 1004, 	(21-FEB-2025 15:01:18)	 (Not Inserted)
2 , 4 , Gail , C , 2 , 1001, 	(21-FEB-2025 15:01:18)	 (Not Inserted)
2 , 4 , Gail , C , 3 , 1001, 	(21-FEB-2025 15:01:18)	 (Not Inserted)
2 , 4 , Gail , C , 3 , 1005, 	(21-FEB-2025 15:01:18)	 (Not Inserted)
2 , 4 , Gail , C , 4 , 1001, 	(21-FEB-2025 15:01:18)	 (Not Inserted)
2 , 4 , Gail , C , 4 , 1006, 	(21-FEB-2025 15:01:18)	 (Not Inserted)
2 , 4 , Gail , C , 4 , 1004, 	(21-FEB-2025 15:01:18)	 (Not Inserted)
2 , 4 , Gail , C , 4 , 1005, 	(21-FEB-2025 15:01:18)	 (Not Inserted)
2 , 4 , Gail , C , 5 , 1001, 	(21-FEB-2025 15:01:18)	 (Not Inserted)
2 , 4 , Gail , C , 5 , 1006, 	(21-FEB-2025 15:01:18)	 (Not Inserted)
2 , 4 , Gail , C , 6 , 1001, 	(21-FEB-2025 15:01:18)	 (Not Inserted)
2 , 4 , Gail , C , 6 , 1006, 	(21-FEB-2025 15:01:18)	 (Not Inserted)
2 , 4 , Gail , C , 6 , 1003, 	(21-FEB-2025 15:01:18)	 (Not Inserted)
2 , 4 , Gail , C , 6 , 1005, 	(21-FEB-2025 15:01:18)	 (Not Inserted)
2 , 4 , Gail , C , 7 , 1001, 	(21-FEB-2025 15:01:18)	 (Not Inserted)
2 , 4 , Gail , C , 7 , 1004, 	(21-FEB-2025 15:01:18)	 (Not Inserted)
2 , 4 , Gail , C , 8 , 1004, 	(21-FEB-2025 15:01:18)	 (Not Inserted)
2 , 4 , Gail , C , 8 , 1001, 	(21-FEB-2025 15:01:18)	 (Not Inserted)
2 , 217 , ESL , C , 1 , 1005, 	(21-FEB-2025 15:01:18)	 (Not Inserted)
2 , 217 , ESL , C , 1 , 1004, 	(21-FEB-2025 15:01:18)	 (Not Inserted)
2 , 5 , NTPC , C , 2 , 1001, 	(21-FEB-2025 15:01:18)	 (Not Inserted)
2 , 5 , NTPC , C , 2 , 1006, 	(21-FEB-2025 15:01:18)	 (Not Inserted)
2 , 5 , NTPC , C , 2 , 1005, 	(21-FEB-2025 15:01:18)	 (Not Inserted)
2 , 5 , NTPC , C , 2 , 1004, 	(21-FEB-2025 15:01:18)	 (Not Inserted)
2 , 5 , NTPC , C , 3 , 1001, 	(21-FEB-2025 15:01:18)	 (Not Inserted)
2 , 5 , NTPC , C , 3 , 1006, 	(21-FEB-2025 15:01:18)	 (Not Inserted)
2 , 5 , NTPC , C , 3 , 1004, 	(21-FEB-2025 15:01:18)	 (Not Inserted)
2 , 5 , NTPC , C , 4 , 1006, 	(21-FEB-2025 15:01:18)	 (Not Inserted)
2 , 5 , NTPC , C , 4 , 1004, 	(21-FEB-2025 15:01:18)	 (Not Inserted)
2 , 5 , NTPC , C , 4 , 1001, 	(21-FEB-2025 15:01:18)	 (Not Inserted)
2 , 5 , NTPC , C , 5 , 1001, 	(21-FEB-2025 15:01:18)	 (Not Inserted)
2 , 5 , NTPC , C , 5 , 1006, 	(21-FEB-2025 15:01:18)	 (Not Inserted)
2 , 5 , NTPC , C , 5 , 1004, 	(21-FEB-2025 15:01:18)	 (Not Inserted)
2 , 5 , NTPC , C , 6 , 1004, 	(21-FEB-2025 15:01:18)	 (Not Inserted)
2 , 5 , NTPC , C , 6 , 1006, 	(21-FEB-2025 15:01:18)	 (Not Inserted)
2 , 5 , NTPC , C , 6 , 1001, 	(21-FEB-2025 15:01:18)	 (Not Inserted)
2 , 6 , KRIBHCO , C , 1 , 1003, 	(21-FEB-2025 15:01:18)	 (Not Inserted)
2 , 6 , KRIBHCO , C , 1 , 1001, 	(21-FEB-2025 15:01:18)	 (Not Inserted)
2 , 6 , KRIBHCO , C , 1 , 1005, 	(21-FEB-2025 15:01:18)	 (Not Inserted)
2 , 7 , DFPCL , C , 1 , 1005, 	(21-FEB-2025 15:01:18)	 (Not Inserted)
2 , 7 , DFPCL , C , 1 , 1003, 	(21-FEB-2025 15:01:18)	 (Not Inserted)
2 , 7 , DFPCL , C , 1 , 1004, 	(21-FEB-2025 15:01:18)	 (Not Inserted)
2 , 7 , DFPCL , C , 1 , 1001, 	(21-FEB-2025 15:01:18)	 (Not Inserted)
2 , 8 , AIGL , C , 1 , 1001, 	(21-FEB-2025 15:01:18)	 (Not Inserted)
2 , 8 , AIGL , C , 1 , 1003, 	(21-FEB-2025 15:01:18)	 (Not Inserted)
2 , 8 , AIGL , C , 1 , 1005, 	(21-FEB-2025 15:01:18)	 (Not Inserted)
2 , 8 , AIGL , C , 1 , 1004, 	(21-FEB-2025 15:01:18)	 (Not Inserted)
2 ,  , KSFL , C , 1 , 1004, 	(21-FEB-2025 15:01:18)	 (Not Inserted)
2 , 249 , NPL , C , 1 , 1004, 	(21-FEB-2025 15:01:18)	 (Not Inserted)
2 , 9 , SIGIL , C , 1 , 1004, 	(21-FEB-2025 15:01:18)	 (Not Inserted)
2 , 225 , VIL , C , 1 , 1004, 	(21-FEB-2025 15:01:18)	 (Not Inserted)
2 , 11 , TPL , C , 1 , 1003, 	(21-FEB-2025 15:01:18)	 (Not Inserted)
2 , 11 , TPL , C , 1 , 1006, 	(21-FEB-2025 15:01:18)	 (Not Inserted)
2 , 11 , TPL , C , 1 , 1001, 	(21-FEB-2025 15:01:18)	 (Not Inserted)
2 , 11 , TPL , C , 1 , 1005, 	(21-FEB-2025 15:01:18)	 (Not Inserted)
2 , 11 , TPL , C , 1 , 1004, 	(21-FEB-2025 15:01:18)	 (Not Inserted)
2 , 12 , MNGL , C , 1 , 1005, 	(21-FEB-2025 15:01:18)	 (Not Inserted)
2 , 12 , MNGL , C , 1 , 1001, 	(21-FEB-2025 15:01:18)	 (Not Inserted)
2 , 12 , MNGL , C , 1 , 1004, 	(21-FEB-2025 15:01:18)	 (Not Inserted)
2 , 13 , IGL , C , 1 , 1004, 	(21-FEB-2025 15:01:18)	 (Not Inserted)
2 , 13 , IGL , C , 1 , 1005, 	(21-FEB-2025 15:01:18)	 (Not Inserted)
2 , 13 , IGL , C , 1 , 1001, 	(21-FEB-2025 15:01:18)	 (Not Inserted)
2 , 13 , IGL , C , 1 , 1003, 	(21-FEB-2025 15:01:18)	 (Not Inserted)
2 , 13 , IGL , C , 2 , 1006, 	(21-FEB-2025 15:01:18)	 (Not Inserted)
2 , 13 , IGL , C , 2 , 1004, 	(21-FEB-2025 15:01:18)	 (Not Inserted)
2 , 13 , IGL , C , 2 , 1005, 	(21-FEB-2025 15:01:18)	 (Not Inserted)
2 , 13 , IGL , C , 2 , 1001, 	(21-FEB-2025 15:01:18)	 (Not Inserted)
2 , 13 , IGL , C , 3 , 1001, 	(21-FEB-2025 15:01:18)	 (Not Inserted)
2 , 13 , IGL , C , 3 , 1004, 	(21-FEB-2025 15:01:18)	 (Not Inserted)
2 , 13 , IGL , C , 3 , 1005, 	(21-FEB-2025 15:01:18)	 (Not Inserted)
2 , 13 , IGL , C , 4 , 1006, 	(21-FEB-2025 15:01:18)	 (Not Inserted)
2 , 13 , IGL , C , 4 , 1001, 	(21-FEB-2025 15:01:18)	 (Not Inserted)
2 , 13 , IGL , C , 4 , 1004, 	(21-FEB-2025 15:01:18)	 (Not Inserted)
2 , 13 , IGL , C , 5 , 1004, 	(21-FEB-2025 15:01:18)	 (Not Inserted)
2 , 13 , IGL , C , 5 , 1001, 	(21-FEB-2025 15:01:18)	 (Not Inserted)
2 , 13 , IGL , C , 5 , 1006, 	(21-FEB-2025 15:01:18)	 (Not Inserted)
2 , 13 , IGL , C , 6 , 1001, 	(21-FEB-2025 15:01:18)	 (Not Inserted)
2 , 13 , IGL , C , 6 , 1004, 	(21-FEB-2025 15:01:18)	 (Not Inserted)
2 , 14 , BPCL , C , 1 , 1006, 	(21-FEB-2025 15:01:18)	 (Not Inserted)
2 , 14 , BPCL , C , 1 , 1001, 	(21-FEB-2025 15:01:18)	 (Not Inserted)
2 , 14 , BPCL , C , 1 , 1004, 	(21-FEB-2025 15:01:18)	 (Not Inserted)
2 , 14 , BPCL , C , 1 , 1005, 	(21-FEB-2025 15:01:18)	 (Not Inserted)
BPCL,1,GVAT TIN No.-S,24073403217,GVAT TIN No.-S is different from VAT TIN No.-S, 	(21-FEB-2025 15:01:18)
2 , 14 , BPCL , C , 1 , 1005, 	(21-FEB-2025 15:01:18)	 (Not Inserted)
2 , 14 , BPCL , C , 2 , 1001, 	(21-FEB-2025 15:01:18)	 (Not Inserted)
2 , 14 , BPCL , C , 2 , 1005, 	(21-FEB-2025 15:01:18)	 (Not Inserted)
2 , 14 , BPCL , C , 2 , 1004, 	(21-FEB-2025 15:01:18)	 (Not Inserted)
2 , 14 , BPCL , C , 3 , 1001, 	(21-FEB-2025 15:01:18)	 (Not Inserted)
2 , 14 , BPCL , C , 3 , 1004, 	(21-FEB-2025 15:01:18)	 (Not Inserted)
2 , 14 , BPCL , C , 3 , 1005, 	(21-FEB-2025 15:01:18)	 (Not Inserted)
2 , 14 , BPCL , C , 3 , 1006, 	(21-FEB-2025 15:01:18)	 (Not Inserted)
2 , 14 , BPCL , C , 4 , 1004, 	(21-FEB-2025 15:01:18)	 (Not Inserted)
2 , 14 , BPCL , C , 4 , 1005, 	(21-FEB-2025 15:01:18)	 (Not Inserted)
2 , 14 , BPCL , C , 4 , 1003, 	(21-FEB-2025 15:01:18)	 (Not Inserted)
2 , 14 , BPCL , C , 4 , 1001, 	(21-FEB-2025 15:01:18)	 (Not Inserted)
2 , 14 , BPCL , C , 4 , 1006, 	(21-FEB-2025 15:01:18)	 (Not Inserted)
2 , 15 , HPCL , C , 1 , 1006, 	(21-FEB-2025 15:01:18)	 (Not Inserted)
2 , 15 , HPCL , C , 1 , 1005, 	(21-FEB-2025 15:01:18)	 (Not Inserted)
2 , 15 , HPCL , C , 1 , 1003, 	(21-FEB-2025 15:01:18)	 (Not Inserted)
2 , 15 , HPCL , C , 1 , 1001, 	(21-FEB-2025 15:01:18)	 (Not Inserted)
2 , 15 , HPCL , C , 1 , 1004, 	(21-FEB-2025 15:01:18)	 (Not Inserted)
2 , 15 , HPCL , C , 2 , 1004, 	(21-FEB-2025 15:01:18)	 (Not Inserted)
2 , 15 , HPCL , C , 2 , 1003, 	(21-FEB-2025 15:01:18)	 (Not Inserted)
2 , 15 , HPCL , C , 2 , 1005, 	(21-FEB-2025 15:01:18)	 (Not Inserted)
2 , 15 , HPCL , C , 2 , 1001, 	(21-FEB-2025 15:01:18)	 (Not Inserted)
2 , 15 , HPCL , C , 3 , 1005, 	(21-FEB-2025 15:01:18)	 (Not Inserted)
2 , 15 , HPCL , C , 3 , 1001, 	(21-FEB-2025 15:01:18)	 (Not Inserted)
2 , 15 , HPCL , C , 4 , 1005, 	(21-FEB-2025 15:01:18)	 (Not Inserted)
2 , 15 , HPCL , C , 4 , 1003, 	(21-FEB-2025 15:01:18)	 (Not Inserted)
2 , 15 , HPCL , C , 4 , 1006, 	(21-FEB-2025 15:01:18)	 (Not Inserted)
2 , 15 , HPCL , C , 4 , 1001, 	(21-FEB-2025 15:01:18)	 (Not Inserted)
2 , 15 , HPCL , C , 4 , 1004, 	(21-FEB-2025 15:01:18)	 (Not Inserted)
2 , 15 , HPCL , C , 5 , 1006, 	(21-FEB-2025 15:01:18)	 (Not Inserted)
2 , 15 , HPCL , C , 5 , 1004, 	(21-FEB-2025 15:01:18)	 (Not Inserted)
2 , 15 , HPCL , C , 5 , 1001, 	(21-FEB-2025 15:01:18)	 (Not Inserted)
2 , 18 , GSFC , C , 1 , 1003, 	(21-FEB-2025 15:01:18)	 (Not Inserted)
2 , 18 , GSFC , C , 1 , 1001, 	(21-FEB-2025 15:01:18)	 (Not Inserted)
2 , 18 , GSFC , C , 1 , 1005, 	(21-FEB-2025 15:01:18)	 (Not Inserted)
2 , 18 , GSFC , C , 2 , 1001, 	(21-FEB-2025 15:01:18)	 (Not Inserted)
2 , 18 , GSFC , C , 2 , 1006, 	(21-FEB-2025 15:01:18)	 (Not Inserted)
2 , 18 , GSFC , C , 2 , 1005, 	(21-FEB-2025 15:01:18)	 (Not Inserted)
2 , 228 , H-Energy , C , 1 , 1005, 	(21-FEB-2025 15:01:18)	 (Not Inserted)
2 , 228 , H-Energy , C , 1 , 1001, 	(21-FEB-2025 15:01:18)	 (Not Inserted)
2 , 228 , H-Energy , C , 1 , 1004, 	(21-FEB-2025 15:01:18)	 (Not Inserted)
2 , 228 , H-Energy , C , 2 , 1005, 	(21-FEB-2025 15:01:18)	 (Not Inserted)
2 , 228 , H-Energy , C , 2 , 1001, 	(21-FEB-2025 15:01:18)	 (Not Inserted)
2 , 228 , H-Energy , C , 2 , 1004, 	(21-FEB-2025 15:01:18)	 (Not Inserted)
2 , 160 , SIMPL , C , 1 , 1005, 	(21-FEB-2025 15:01:18)	 (Not Inserted)
2 , 160 , SIMPL , C , 1 , 1001, 	(21-FEB-2025 15:01:18)	 (Not Inserted)
2 , 160 , SIMPL , C , 1 , 1004, 	(21-FEB-2025 15:01:18)	 (Not Inserted)
2 , 160 , SIMPL , C , 2 , 1001, 	(21-FEB-2025 15:01:18)	 (Not Inserted)
2 , 19 , ATGL , C , 2 , 1004, 	(21-FEB-2025 15:01:18)	 (Not Inserted)
2 , 19 , ATGL , C , 2 , 1005, 	(21-FEB-2025 15:01:18)	 (Not Inserted)
2 , 19 , ATGL , C , 2 , 1003, 	(21-FEB-2025 15:01:18)	 (Not Inserted)
2 , 19 , ATGL , C , 2 , 1001, 	(21-FEB-2025 15:01:18)	 (Not Inserted)
2 , 19 , ATGL , C , 2 , 1006, 	(21-FEB-2025 15:01:18)	 (Not Inserted)
2 , 20 , AMNS , C , 1 , 1003, 	(21-FEB-2025 15:01:18)	 (Not Inserted)
2 , 20 , AMNS , C , 1 , 1001, 	(21-FEB-2025 15:01:18)	 (Not Inserted)
2 , 20 , AMNS , C , 1 , 1007, 	(21-FEB-2025 15:01:18)	 (Not Inserted)
2 , 20 , AMNS , C , 1 , 1005, 	(21-FEB-2025 15:01:18)	 (Not Inserted)
2 , 20 , AMNS , C , 2 , 1003, 	(21-FEB-2025 15:01:18)	 (Not Inserted)
2 , 20 , AMNS , C , 2 , 1001, 	(21-FEB-2025 15:01:18)	 (Not Inserted)
2 , 20 , AMNS , C , 2 , 1005, 	(21-FEB-2025 15:01:18)	 (Not Inserted)
2 , 20 , AMNS , C , 2 , 1007, 	(21-FEB-2025 15:01:18)	 (Not Inserted)
2 , 20 , AMNS , C , 4 , 1001, 	(21-FEB-2025 15:01:18)	 (Not Inserted)
2 , 20 , AMNS , C , 4 , 1005, 	(21-FEB-2025 15:01:18)	 (Not Inserted)
2 , 20 , AMNS , C , 4 , 1004, 	(21-FEB-2025 15:01:18)	 (Not Inserted)
2 , 20 , AMNS , T , 1 , 1001, 	(21-FEB-2025 15:01:18)	 (Not Inserted)
2 , 20 , AMNS , T , 2 , 1001, 	(21-FEB-2025 15:01:18)	 (Not Inserted)
2 ,  , SEMTPL , C , 1 , 1005, 	(21-FEB-2025 15:01:18)	 (Not Inserted)
2 ,  , SEMTPL , C , 1 , 1001, 	(21-FEB-2025 15:01:18)	 (Not Inserted)
2 ,  , SEMTPL , C , 2 , 1002, 	(21-FEB-2025 15:01:18)	 (Not Inserted)
2 ,  , SEMTPL , C , 2 , 1003, 	(21-FEB-2025 15:01:18)	 (Not Inserted)
2 ,  , SEMTPL , C , 2 , 1001, 	(21-FEB-2025 15:01:18)	 (Not Inserted)
2 ,  , SEMTPL , C , 2 , 1004, 	(21-FEB-2025 15:01:18)	 (Not Inserted)
2 ,  , SEMTPL , C , 2 , 1005, 	(21-FEB-2025 15:01:18)	 (Not Inserted)
2 ,  , SEMTPL , C , 3 , 1005, 	(21-FEB-2025 15:01:18)	 (Not Inserted)
2 ,  , SEMTPL , C , 3 , 1004, 	(21-FEB-2025 15:01:18)	 (Not Inserted)
2 ,  , SEMTPL , C , 3 , 1001, 	(21-FEB-2025 15:01:18)	 (Not Inserted)
2 ,  , SEMTPL , C , 3 , 1003, 	(21-FEB-2025 15:01:18)	 (Not Inserted)
2 ,  , SEMTPL , C , 4 , 1005, 	(21-FEB-2025 15:01:18)	 (Not Inserted)
2 ,  , SEMTPL , C , 4 , 1004, 	(21-FEB-2025 15:01:18)	 (Not Inserted)
2 ,  , SEMTPL , C , 4 , 1001, 	(21-FEB-2025 15:01:18)	 (Not Inserted)
2 ,  , SEMTPL , C , 5 , 1001, 	(21-FEB-2025 15:01:18)	 (Not Inserted)
2 ,  , SEMTPL , C , 5 , 1005, 	(21-FEB-2025 15:01:18)	 (Not Inserted)
2 ,  , SEMTPL , C , 6 , 1005, 	(21-FEB-2025 15:01:18)	 (Not Inserted)
2 ,  , SEMTPL , C , 6 , 1004, 	(21-FEB-2025 15:01:18)	 (Not Inserted)
2 ,  , SEMTPL , C , 6 , 1001, 	(21-FEB-2025 15:01:18)	 (Not Inserted)
2 ,  , SEMTPL , C , 7 , 1001, 	(21-FEB-2025 15:01:18)	 (Not Inserted)
2 ,  , SEMTPL , C , 7 , 1005, 	(21-FEB-2025 15:01:18)	 (Not Inserted)
2 ,  , SEMTPL , C , 7 , 1004, 	(21-FEB-2025 15:01:18)	 (Not Inserted)
2 ,  , SEMTPL , C , 8 , 1001, 	(21-FEB-2025 15:01:18)	 (Not Inserted)
2 ,  , SEMTPL , C , 8 , 1005, 	(21-FEB-2025 15:01:18)	 (Not Inserted)
2 ,  , SEMTPL , C , 8 , 1004, 	(21-FEB-2025 15:01:18)	 (Not Inserted)
2 ,  , SEMTPL , C , 9 , 1004, 	(21-FEB-2025 15:01:18)	 (Not Inserted)
2 ,  , SEMTPL , C , 9 , 1005, 	(21-FEB-2025 15:01:18)	 (Not Inserted)
2 ,  , SEMTPL , C , 9 , 1001, 	(21-FEB-2025 15:01:18)	 (Not Inserted)
2 ,  , SEMTPL , C , 10 , 1005, 	(21-FEB-2025 15:01:18)	 (Not Inserted)
2 ,  , SEMTPL , C , 10 , 1001, 	(21-FEB-2025 15:01:18)	 (Not Inserted)
2 ,  , SEMTPL , C , 10 , 1004, 	(21-FEB-2025 15:01:18)	 (Not Inserted)
2 ,  , SEMTPL , C , 11 , 1004, 	(21-FEB-2025 15:01:18)	 (Not Inserted)
2 ,  , SEMTPL , C , 11 , 1005, 	(21-FEB-2025 15:01:18)	 (Not Inserted)
2 ,  , SEMTPL , C , 11 , 1001, 	(21-FEB-2025 15:01:18)	 (Not Inserted)
2 ,  , SEMTPL , C , 11 , 1006, 	(21-FEB-2025 15:01:18)	 (Not Inserted)
2 ,  , SEMTPL , T , 1 , 1001, 	(21-FEB-2025 15:01:18)	 (Not Inserted)
2 ,  , SEMTPL , T , 2 , 1001, 	(21-FEB-2025 15:01:18)	 (Not Inserted)
2 ,  , SEMTPL , T , 3 , 1001, 	(21-FEB-2025 15:01:18)	 (Not Inserted)
2 ,  , SEMTPL , T , 4 , 1001, 	(21-FEB-2025 15:01:18)	 (Not Inserted)
2 , 21 , SGIPL , C , 1 , 1003, 	(21-FEB-2025 15:01:18)	 (Not Inserted)
2 , 21 , SGIPL , C , 1 , 1001, 	(21-FEB-2025 15:01:18)	 (Not Inserted)
2 , 21 , SGIPL , C , 1 , 1004, 	(21-FEB-2025 15:01:18)	 (Not Inserted)
2 , 21 , SGIPL , C , 1 , 1005, 	(21-FEB-2025 15:01:18)	 (Not Inserted)
2 , 21 , SGIPL , C , 3 , 1006, 	(21-FEB-2025 15:01:18)	 (Not Inserted)
2 , 21 , SGIPL , C , 3 , 1003, 	(21-FEB-2025 15:01:18)	 (Not Inserted)
2 , 21 , SGIPL , C , 3 , 1005, 	(21-FEB-2025 15:01:18)	 (Not Inserted)
2 , 21 , SGIPL , C , 3 , 1001, 	(21-FEB-2025 15:01:18)	 (Not Inserted)
2 , 21 , SGIPL , C , 5 , 1003, 	(21-FEB-2025 15:01:18)	 (Not Inserted)
2 , 21 , SGIPL , C , 5 , 1006, 	(21-FEB-2025 15:01:18)	 (Not Inserted)
2 , 21 , SGIPL , C , 5 , 1001, 	(21-FEB-2025 15:01:18)	 (Not Inserted)
2 , 21 , SGIPL , C , 5 , 1005, 	(21-FEB-2025 15:01:18)	 (Not Inserted)
2 , 22 , VGL , C , 1 , 1005, 	(21-FEB-2025 15:01:18)	 (Not Inserted)
2 , 22 , VGL , C , 1 , 1001, 	(21-FEB-2025 15:01:18)	 (Not Inserted)
2 , 22 , VGL , C , 2 , 1001, 	(21-FEB-2025 15:01:18)	 (Not Inserted)
2 , 22 , VGL , C , 2 , 1005, 	(21-FEB-2025 15:01:18)	 (Not Inserted)
2 , 22 , VGL , C , 3 , 1004, 	(21-FEB-2025 15:01:18)	 (Not Inserted)
2 , 22 , VGL , C , 3 , 1001, 	(21-FEB-2025 15:01:18)	 (Not Inserted)
2 , 22 , VGL , C , 3 , 1005, 	(21-FEB-2025 15:01:18)	 (Not Inserted)
2 , 22 , VGL , C , 3 , 1006, 	(21-FEB-2025 15:01:18)	 (Not Inserted)
2 , 23 , PGPGPL , C , 1 , 1005, 	(21-FEB-2025 15:01:18)	 (Not Inserted)
2 , 23 , PGPGPL , C , 1 , 1001, 	(21-FEB-2025 15:01:18)	 (Not Inserted)
2 , 23 , PGPGPL , C , 1 , 1004, 	(21-FEB-2025 15:01:18)	 (Not Inserted)
2 , 23 , PGPGPL , C , 1 , 1003, 	(21-FEB-2025 15:01:18)	 (Not Inserted)
2 , 23 , PGPGPL , C , 2 , 1001, 	(21-FEB-2025 15:01:18)	 (Not Inserted)
2 , 23 , PGPGPL , C , 2 , 1003, 	(21-FEB-2025 15:01:18)	 (Not Inserted)
2 , 23 , PGPGPL , C , 2 , 1005, 	(21-FEB-2025 15:01:18)	 (Not Inserted)
2 , 23 , PGPGPL , C , 2 , 1004, 	(21-FEB-2025 15:01:18)	 (Not Inserted)
2 , 23 , PGPGPL , C , 3 , 1004, 	(21-FEB-2025 15:01:18)	 (Not Inserted)
2 , 23 , PGPGPL , C , 3 , 1005, 	(21-FEB-2025 15:01:18)	 (Not Inserted)
2 , 23 , PGPGPL , C , 3 , 1001, 	(21-FEB-2025 15:01:18)	 (Not Inserted)
2 , 23 , PGPGPL , C , 4 , 1001, 	(21-FEB-2025 15:01:18)	 (Not Inserted)
2 , 23 , PGPGPL , C , 4 , 1005, 	(21-FEB-2025 15:01:18)	 (Not Inserted)
2 , 23 , PGPGPL , C , 4 , 1003, 	(21-FEB-2025 15:01:18)	 (Not Inserted)
2 , 23 , PGPGPL , C , 4 , 1004, 	(21-FEB-2025 15:01:18)	 (Not Inserted)
2 , 24 , HCG , C , 1 , 1004, 	(21-FEB-2025 15:01:18)	 (Not Inserted)
2 , 24 , HCG , C , 1 , 1003, 	(21-FEB-2025 15:01:18)	 (Not Inserted)
2 , 24 , HCG , C , 1 , 1001, 	(21-FEB-2025 15:01:18)	 (Not Inserted)
2 , 25 , GGL , C , 1 , 1001, 	(21-FEB-2025 15:01:18)	 (Not Inserted)
2 , 25 , GGL , C , 1 , 1005, 	(21-FEB-2025 15:01:18)	 (Not Inserted)
2 , 25 , GGL , C , 1 , 1003, 	(21-FEB-2025 15:01:18)	 (Not Inserted)
2 , 26 , CFC , C , 1 , 1004, 	(21-FEB-2025 15:01:18)	 (Not Inserted)
2 , 26 , CFC , C , 1 , 1001, 	(21-FEB-2025 15:01:18)	 (Not Inserted)
2 , 26 , CFC , C , 1 , 1003, 	(21-FEB-2025 15:01:18)	 (Not Inserted)
2 , 26 , CFC , C , 2 , 1003, 	(21-FEB-2025 15:01:18)	 (Not Inserted)
2 , 26 , CFC , C , 2 , 1004, 	(21-FEB-2025 15:01:18)	 (Not Inserted)
2 , 26 , CFC , C , 2 , 1001, 	(21-FEB-2025 15:01:18)	 (Not Inserted)
2 , 26 , CFC , C , 3 , 1001, 	(21-FEB-2025 15:01:18)	 (Not Inserted)
2 , 26 , CFC , C , 3 , 1004, 	(21-FEB-2025 15:01:18)	 (Not Inserted)
2 , 26 , CFC , C , 3 , 1006, 	(21-FEB-2025 15:01:18)	 (Not Inserted)
2 , 27 , IFFCO , C , 1 , 1003, 	(21-FEB-2025 15:01:18)	 (Not Inserted)
2 , 27 , IFFCO , C , 1 , 1001, 	(21-FEB-2025 15:01:18)	 (Not Inserted)
2 , 27 , IFFCO , C , 1 , 1004, 	(21-FEB-2025 15:01:18)	 (Not Inserted)
2 , 27 , IFFCO , C , 2 , 1001, 	(21-FEB-2025 15:01:18)	 (Not Inserted)
2 , 27 , IFFCO , C , 2 , 1004, 	(21-FEB-2025 15:01:18)	 (Not Inserted)
2 , 27 , IFFCO , C , 2 , 1003, 	(21-FEB-2025 15:01:18)	 (Not Inserted)
2 , 27 , IFFCO , C , 3 , 1003, 	(21-FEB-2025 15:01:18)	 (Not Inserted)
2 , 27 , IFFCO , C , 3 , 1001, 	(21-FEB-2025 15:01:18)	 (Not Inserted)
2 , 27 , IFFCO , C , 3 , 1005, 	(21-FEB-2025 15:01:18)	 (Not Inserted)
2 , 28 , HGL-RLNG , C , 1 , 1005, 	(21-FEB-2025 15:01:18)	 (Not Inserted)
2 , 28 , HGL-RLNG , C , 1 , 1003, 	(21-FEB-2025 15:01:18)	 (Not Inserted)
2 , 28 , HGL-RLNG , C , 1 , 1001, 	(21-FEB-2025 15:01:18)	 (Not Inserted)
HGL-RLNG,1,GVAT TIN No.-S,24192400456,GVAT TIN No.-S is different from GST TIN No.-S, 	(21-FEB-2025 15:01:18)
2 , 28 , HGL-RLNG , C , 1 , 1005, 	(21-FEB-2025 15:01:18)	 (Not Inserted)
2 , 29 , PipeInfra , C , 1 , 1004, 	(21-FEB-2025 15:01:18)	 (Not Inserted)
2 , 29 , PipeInfra , C , 1 , 1001, 	(21-FEB-2025 15:01:18)	 (Not Inserted)
2 , 29 , PipeInfra , C , 2 , 1001, 	(21-FEB-2025 15:01:18)	 (Not Inserted)
2 , 29 , PipeInfra , C , 2 , 1004, 	(21-FEB-2025 15:01:18)	 (Not Inserted)
2 , 29 , PipeInfra , C , 3 , 1004, 	(21-FEB-2025 15:01:18)	 (Not Inserted)
2 , 29 , PipeInfra , C , 3 , 1001, 	(21-FEB-2025 15:01:18)	 (Not Inserted)
2 , 29 , PipeInfra , C , 4 , 1001, 	(21-FEB-2025 15:01:18)	 (Not Inserted)
2 , 29 , PipeInfra , C , 4 , 1004, 	(21-FEB-2025 15:01:18)	 (Not Inserted)
2 , 29 , PipeInfra , C , 5 , 1005, 	(21-FEB-2025 15:01:18)	 (Not Inserted)
2 , 29 , PipeInfra , C , 5 , 1001, 	(21-FEB-2025 15:01:18)	 (Not Inserted)
2 , 29 , PipeInfra , C , 6 , 1001, 	(21-FEB-2025 15:01:18)	 (Not Inserted)
2 , 29 , PipeInfra , C , 6 , 1004, 	(21-FEB-2025 15:01:18)	 (Not Inserted)
2 , 29 , PipeInfra , C , 7 , 1001, 	(21-FEB-2025 15:01:18)	 (Not Inserted)
2 , 29 , PipeInfra , C , 7 , 1004, 	(21-FEB-2025 15:01:18)	 (Not Inserted)
2 , 29 , PipeInfra , C , 8 , 1004, 	(21-FEB-2025 15:01:18)	 (Not Inserted)
2 , 29 , PipeInfra , C , 8 , 1001, 	(21-FEB-2025 15:01:18)	 (Not Inserted)
2 , 29 , PipeInfra , C , 9 , 1001, 	(21-FEB-2025 15:01:18)	 (Not Inserted)
2 , 29 , PipeInfra , C , 9 , 1004, 	(21-FEB-2025 15:01:18)	 (Not Inserted)
2 , 29 , PipeInfra , C , 10 , 1001, 	(21-FEB-2025 15:01:18)	 (Not Inserted)
2 , 29 , PipeInfra , C , 10 , 1005, 	(21-FEB-2025 15:01:18)	 (Not Inserted)
2 , 29 , PipeInfra , C , 10 , 1003, 	(21-FEB-2025 15:01:18)	 (Not Inserted)
2 , 29 , PipeInfra , C , 11 , 1003, 	(21-FEB-2025 15:01:18)	 (Not Inserted)
2 , 29 , PipeInfra , C , 11 , 1005, 	(21-FEB-2025 15:01:18)	 (Not Inserted)
2 , 29 , PipeInfra , C , 11 , 1001, 	(21-FEB-2025 15:01:18)	 (Not Inserted)
2 , 30 , NFL , C , 1 , 1001, 	(21-FEB-2025 15:01:18)	 (Not Inserted)
2 , 30 , NFL , C , 1 , 1004, 	(21-FEB-2025 15:01:18)	 (Not Inserted)
2 , 30 , NFL , C , 1 , 1003, 	(21-FEB-2025 15:01:18)	 (Not Inserted)
2 , 30 , NFL , C , 2 , 1004, 	(21-FEB-2025 15:01:18)	 (Not Inserted)
2 , 30 , NFL , C , 2 , 1006, 	(21-FEB-2025 15:01:18)	 (Not Inserted)
2 , 30 , NFL , C , 2 , 1001, 	(21-FEB-2025 15:01:18)	 (Not Inserted)
2 , 30 , NFL , C , 3 , 1004, 	(21-FEB-2025 15:01:18)	 (Not Inserted)
2 , 30 , NFL , C , 3 , 1001, 	(21-FEB-2025 15:01:18)	 (Not Inserted)
2 , 30 , NFL , C , 3 , 1005, 	(21-FEB-2025 15:01:18)	 (Not Inserted)
2 , 30 , NFL , C , 3 , 1006, 	(21-FEB-2025 15:01:18)	 (Not Inserted)
2 , 31 , HSIL , C , 1 , 1004, 	(21-FEB-2025 15:01:18)	 (Not Inserted)
2 , 31 , HSIL , C , 1 , 1003, 	(21-FEB-2025 15:01:18)	 (Not Inserted)
2 , 31 , HSIL , C , 1 , 1001, 	(21-FEB-2025 15:01:18)	 (Not Inserted)
2 , 32 , KFL , C , 1 , 1004, 	(21-FEB-2025 15:01:18)	 (Not Inserted)
2 , 32 , KFL , C , 1 , 1001, 	(21-FEB-2025 15:01:18)	 (Not Inserted)
2 , 32 , KFL , C , 1 , 1003, 	(21-FEB-2025 15:01:18)	 (Not Inserted)
2 , 32 , KFL , C , 2 , 1003, 	(21-FEB-2025 15:01:18)	 (Not Inserted)
2 , 32 , KFL , C , 2 , 1001, 	(21-FEB-2025 15:01:18)	 (Not Inserted)
2 , 32 , KFL , C , 2 , 1004, 	(21-FEB-2025 15:01:18)	 (Not Inserted)
2 , 197 , BIL , C , 1 , 1004, 	(21-FEB-2025 15:01:18)	 (Not Inserted)
2 , 197 , BIL , C , 1 , 1003, 	(21-FEB-2025 15:01:18)	 (Not Inserted)
2 , 197 , BIL , C , 1 , 1001, 	(21-FEB-2025 15:01:18)	 (Not Inserted)
2 , 197 , BIL , C , 1 , 1005, 	(21-FEB-2025 15:01:18)	 (Not Inserted)
2 , 197 , BIL , C , 1 , 1006, 	(21-FEB-2025 15:01:18)	 (Not Inserted)
2 , 254 , RIPL , C , 1 , 1001, 	(21-FEB-2025 15:01:18)	 (Not Inserted)
2 , 254 , RIPL , C , 1 , 1006, 	(21-FEB-2025 15:01:18)	 (Not Inserted)
2 , 254 , RIPL , C , 1 , 1003, 	(21-FEB-2025 15:01:18)	 (Not Inserted)
2 , 254 , RIPL , C , 1 , 1005, 	(21-FEB-2025 15:01:18)	 (Not Inserted)
2 , 254 , RIPL , C , 1 , 1004, 	(21-FEB-2025 15:01:18)	 (Not Inserted)
2 , 207 , CP , C , 1 , 1004, 	(21-FEB-2025 15:01:18)	 (Not Inserted)
2 , 207 , CP , C , 1 , 1006, 	(21-FEB-2025 15:01:18)	 (Not Inserted)
2 , 207 , CP , C , 1 , 1003, 	(21-FEB-2025 15:01:18)	 (Not Inserted)
2 , 207 , CP , C , 1 , 1001, 	(21-FEB-2025 15:01:18)	 (Not Inserted)
2 ,  , HHFG DLNG , C , 1 , 1001, 	(21-FEB-2025 15:01:18)	 (Not Inserted)
2 ,  , HHFG DLNG , C , 1 , 1003, 	(21-FEB-2025 15:01:18)	 (Not Inserted)
2 ,  , HHFG DLNG , C , 1 , 1006, 	(21-FEB-2025 15:01:18)	 (Not Inserted)
2 ,  , HHFG DLNG , C , 1 , 1004, 	(21-FEB-2025 15:01:18)	 (Not Inserted)
2 ,  , HHFG DLNG , C , 1 , 1005, 	(21-FEB-2025 15:01:18)	 (Not Inserted)
2 , 187 , VIDUWIL , C , 1 , 1004, 	(21-FEB-2025 15:01:18)	 (Not Inserted)
2 , 187 , VIDUWIL , C , 1 , 1001, 	(21-FEB-2025 15:01:18)	 (Not Inserted)
2 , 187 , VIDUWIL , C , 1 , 1006, 	(21-FEB-2025 15:01:18)	 (Not Inserted)
2 , 187 , VIDUWIL , C , 1 , 1003, 	(21-FEB-2025 15:01:18)	 (Not Inserted)
2 , 187 , VIDUWIL , C , 1 , 1005, 	(21-FEB-2025 15:01:18)	 (Not Inserted)
2 , 33 , AGP CGD , C , 1 , 1001, 	(21-FEB-2025 15:01:18)	 (Not Inserted)
2 , 33 , AGP CGD , C , 1 , 1004, 	(21-FEB-2025 15:01:18)	 (Not Inserted)
2 , 33 , AGP CGD , C , 1 , 1006, 	(21-FEB-2025 15:01:18)	 (Not Inserted)
2 , 33 , AGP CGD , C , 1 , 1003, 	(21-FEB-2025 15:01:18)	 (Not Inserted)
2 , 33 , AGP CGD , C , 2 , 1001, 	(21-FEB-2025 15:01:18)	 (Not Inserted)
2 , 33 , AGP CGD , C , 2 , 1003, 	(21-FEB-2025 15:01:18)	 (Not Inserted)
2 , 33 , AGP CGD , C , 2 , 1006, 	(21-FEB-2025 15:01:18)	 (Not Inserted)
2 , 33 , AGP CGD , C , 2 , 1004, 	(21-FEB-2025 15:01:18)	 (Not Inserted)
2 , 34 , MINDA , C , 1 , 1006, 	(21-FEB-2025 15:01:18)	 (Not Inserted)
2 , 34 , MINDA , C , 1 , 1001, 	(21-FEB-2025 15:01:18)	 (Not Inserted)
2 , 34 , MINDA , C , 1 , 1003, 	(21-FEB-2025 15:01:18)	 (Not Inserted)
2 , 34 , MINDA , C , 2 , 1004, 	(21-FEB-2025 15:01:18)	 (Not Inserted)
2 , 34 , MINDA , C , 2 , 1001, 	(21-FEB-2025 15:01:18)	 (Not Inserted)
2 , 34 , MINDA , C , 2 , 1005, 	(21-FEB-2025 15:01:18)	 (Not Inserted)
2 , 34 , MINDA , C , 2 , 1006, 	(21-FEB-2025 15:01:18)	 (Not Inserted)
2 , 238 , LEIPL , C , 1 , 1006, 	(21-FEB-2025 15:01:18)	 (Not Inserted)
2 , 238 , LEIPL , C , 1 , 1001, 	(21-FEB-2025 15:01:18)	 (Not Inserted)
2 , 238 , LEIPL , C , 1 , 1005, 	(21-FEB-2025 15:01:18)	 (Not Inserted)
2 , 238 , LEIPL , C , 1 , 1003, 	(21-FEB-2025 15:01:18)	 (Not Inserted)
2 , 35 , SCHOTT , C , 1 , 1005, 	(21-FEB-2025 15:01:18)	 (Not Inserted)
2 , 35 , SCHOTT , C , 1 , 1004, 	(21-FEB-2025 15:01:18)	 (Not Inserted)
2 , 35 , SCHOTT , C , 1 , 1006, 	(21-FEB-2025 15:01:18)	 (Not Inserted)
2 , 35 , SCHOTT , C , 1 , 1003, 	(21-FEB-2025 15:01:18)	 (Not Inserted)
2 , 35 , SCHOTT , C , 1 , 1001, 	(21-FEB-2025 15:01:18)	 (Not Inserted)
2 , 36 , HIL , C , 1 , 1005, 	(21-FEB-2025 15:01:18)	 (Not Inserted)
2 , 36 , HIL , C , 1 , 1001, 	(21-FEB-2025 15:01:18)	 (Not Inserted)
2 , 36 , HIL , C , 1 , 1003, 	(21-FEB-2025 15:01:18)	 (Not Inserted)
2 , 36 , HIL , C , 1 , 1004, 	(21-FEB-2025 15:01:18)	 (Not Inserted)
2 , 36 , HIL , C , 2 , 1003, 	(21-FEB-2025 15:01:18)	 (Not Inserted)
2 , 36 , HIL , C , 2 , 1001, 	(21-FEB-2025 15:01:18)	 (Not Inserted)
2 , 36 , HIL , C , 2 , 1005, 	(21-FEB-2025 15:01:18)	 (Not Inserted)
2 , 36 , HIL , C , 2 , 1004, 	(21-FEB-2025 15:01:18)	 (Not Inserted)
2 , 36 , HIL , C , 3 , 1005, 	(21-FEB-2025 15:01:18)	 (Not Inserted)
2 , 36 , HIL , C , 3 , 1001, 	(21-FEB-2025 15:01:18)	 (Not Inserted)
HIL,3,GST TIN No.-S,24AAACH1201R1ZT,GST TIN No.-S is different from VAT TIN No.-S, 	(21-FEB-2025 15:01:18)
2 , 36 , HIL , C , 3 , 1005, 	(21-FEB-2025 15:01:18)	 (Not Inserted)
2 , 36 , HIL , C , 4 , 1001, 	(21-FEB-2025 15:01:18)	 (Not Inserted)
2 , 36 , HIL , C , 4 , 1003, 	(21-FEB-2025 15:01:18)	 (Not Inserted)
2 , 36 , HIL , C , 4 , 1005, 	(21-FEB-2025 15:01:18)	 (Not Inserted)
2 , 36 , HIL , C , 4 , 1004, 	(21-FEB-2025 15:01:18)	 (Not Inserted)
2 , 37 , HCGD-B , C , 1 , 1004, 	(21-FEB-2025 15:01:18)	 (Not Inserted)
2 , 37 , HCGD-B , C , 1 , 1001, 	(21-FEB-2025 15:01:18)	 (Not Inserted)
2 , 37 , HCGD-B , C , 1 , 1005, 	(21-FEB-2025 15:01:18)	 (Not Inserted)
2 , 37 , HCGD-B , C , 1 , 1003, 	(21-FEB-2025 15:01:18)	 (Not Inserted)
2 , 198 , BIPL , C , 1 , 1001, 	(21-FEB-2025 15:01:18)	 (Not Inserted)
2 , 198 , BIPL , C , 1 , 1003, 	(21-FEB-2025 15:01:18)	 (Not Inserted)
2 , 198 , BIPL , C , 1 , 1005, 	(21-FEB-2025 15:01:18)	 (Not Inserted)
2 , 198 , BIPL , C , 1 , 1006, 	(21-FEB-2025 15:01:18)	 (Not Inserted)
2 , 198 , BIPL , C , 1 , 1004, 	(21-FEB-2025 15:01:18)	 (Not Inserted)
2 , 198 , BIPL , C , 2 , 1005, 	(21-FEB-2025 15:01:18)	 (Not Inserted)
2 , 198 , BIPL , C , 2 , 1001, 	(21-FEB-2025 15:01:18)	 (Not Inserted)
2 , 220 , EXXARO , C , 1 , 1006, 	(21-FEB-2025 15:01:18)	 (Not Inserted)
2 , 220 , EXXARO , C , 1 , 1001, 	(21-FEB-2025 15:01:18)	 (Not Inserted)
2 , 220 , EXXARO , C , 1 , 1003, 	(21-FEB-2025 15:01:18)	 (Not Inserted)
2 , 38 , KAJARIA , C , 1 , 1005, 	(21-FEB-2025 15:01:18)	 (Not Inserted)
2 , 38 , KAJARIA , C , 1 , 1003, 	(21-FEB-2025 15:01:18)	 (Not Inserted)
2 , 38 , KAJARIA , C , 1 , 1004, 	(21-FEB-2025 15:01:18)	 (Not Inserted)
2 , 38 , KAJARIA , C , 1 , 1006, 	(21-FEB-2025 15:01:18)	 (Not Inserted)
2 , 38 , KAJARIA , C , 1 , 1001, 	(21-FEB-2025 15:01:18)	 (Not Inserted)
2 , 38 , KAJARIA , C , 2 , 1006, 	(21-FEB-2025 15:01:18)	 (Not Inserted)
2 , 38 , KAJARIA , C , 2 , 1005, 	(21-FEB-2025 15:01:18)	 (Not Inserted)
2 , 38 , KAJARIA , C , 2 , 1003, 	(21-FEB-2025 15:01:18)	 (Not Inserted)
2 , 38 , KAJARIA , C , 2 , 1001, 	(21-FEB-2025 15:01:18)	 (Not Inserted)
2 , 38 , KAJARIA , C , 2 , 1004, 	(21-FEB-2025 15:01:18)	 (Not Inserted)
2 , 39 , SISECAM , C , 1 , 1005, 	(21-FEB-2025 15:01:18)	 (Not Inserted)
2 , 39 , SISECAM , C , 1 , 1001, 	(21-FEB-2025 15:01:18)	 (Not Inserted)
2 , 40 , ATPL , C , 1 , 1001, 	(21-FEB-2025 15:01:18)	 (Not Inserted)
2 , 40 , ATPL , C , 1 , 1004, 	(21-FEB-2025 15:01:18)	 (Not Inserted)
2 , 40 , ATPL , C , 1 , 1005, 	(21-FEB-2025 15:01:18)	 (Not Inserted)
ATPL,1,GST TIN No.-S,24AAOCA3603J1ZS,GST TIN No.-S is different from GVAT TIN No.-S, 	(21-FEB-2025 15:01:18)
2 , 40 , ATPL , C , 1 , 1005, 	(21-FEB-2025 15:01:18)	 (Not Inserted)
2 , 40 , ATPL , C , 2 , 1005, 	(21-FEB-2025 15:01:18)	 (Not Inserted)
2 , 40 , ATPL , C , 2 , 1001, 	(21-FEB-2025 15:01:18)	 (Not Inserted)
2 , 40 , ATPL , C , 2 , 1004, 	(21-FEB-2025 15:01:18)	 (Not Inserted)
2 , 41 , OPAL , C , 1 , 1005, 	(21-FEB-2025 15:01:18)	 (Not Inserted)
2 , 41 , OPAL , C , 1 , 1004, 	(21-FEB-2025 15:01:18)	 (Not Inserted)
2 , 41 , OPAL , C , 1 , 1001, 	(21-FEB-2025 15:01:18)	 (Not Inserted)
OPAL,1,VAT TIN No.-S,24190105856,VAT TIN No.-S is different from GST TIN No.-S, 	(21-FEB-2025 15:01:18)
2 , 41 , OPAL , C , 1 , 1005, 	(21-FEB-2025 15:01:18)	 (Not Inserted)
2 , 41 , OPAL , C , 1 , 1003, 	(21-FEB-2025 15:01:18)	 (Not Inserted)
2 , 234 , JKPAPER , C , 1 , 1003, 	(21-FEB-2025 15:01:18)	 (Not Inserted)
2 , 234 , JKPAPER , C , 1 , 1001, 	(21-FEB-2025 15:01:18)	 (Not Inserted)
2 , 234 , JKPAPER , C , 1 , 1006, 	(21-FEB-2025 15:01:18)	 (Not Inserted)
2 , 263 , STL , C , 1 , 1006, 	(21-FEB-2025 15:01:18)	 (Not Inserted)
2 , 263 , STL , C , 1 , 1003, 	(21-FEB-2025 15:01:18)	 (Not Inserted)
2 , 263 , STL , C , 1 , 1001, 	(21-FEB-2025 15:01:18)	 (Not Inserted)
2 , 206 , CELLO , C , 1 , 1003, 	(21-FEB-2025 15:01:18)	 (Not Inserted)
2 , 206 , CELLO , C , 1 , 1006, 	(21-FEB-2025 15:01:18)	 (Not Inserted)
2 , 206 , CELLO , C , 1 , 1001, 	(21-FEB-2025 15:01:18)	 (Not Inserted)
2 , 42 , RCF , C , 1 , 1001, 	(21-FEB-2025 15:01:18)	 (Not Inserted)
2 , 42 , RCF , C , 1 , 1005, 	(21-FEB-2025 15:01:18)	 (Not Inserted)
2 , 42 , RCF , C , 1 , 1004, 	(21-FEB-2025 15:01:18)	 (Not Inserted)
2 , 42 , RCF , C , 1 , 1003, 	(21-FEB-2025 15:01:18)	 (Not Inserted)
2 , 42 , RCF , C , 2 , 1005, 	(21-FEB-2025 15:01:18)	 (Not Inserted)
2 , 42 , RCF , C , 2 , 1006, 	(21-FEB-2025 15:01:18)	 (Not Inserted)
2 , 42 , RCF , C , 2 , 1001, 	(21-FEB-2025 15:01:18)	 (Not Inserted)
2 , 201 , BWRL , C , 1 , 1003, 	(21-FEB-2025 15:01:18)	 (Not Inserted)
2 , 201 , BWRL , C , 1 , 1006, 	(21-FEB-2025 15:01:18)	 (Not Inserted)
2 , 201 , BWRL , C , 1 , 1001, 	(21-FEB-2025 15:01:18)	 (Not Inserted)
2 , 276 , VIRGO , C , 1 , 1003, 	(21-FEB-2025 15:01:18)	 (Not Inserted)
2 , 276 , VIRGO , C , 1 , 1006, 	(21-FEB-2025 15:01:18)	 (Not Inserted)
2 , 276 , VIRGO , C , 1 , 1001, 	(21-FEB-2025 15:01:18)	 (Not Inserted)
2 , 196 , BLPL , C , 1 , 1004, 	(21-FEB-2025 15:01:18)	 (Not Inserted)
2 , 196 , BLPL , C , 1 , 1003, 	(21-FEB-2025 15:01:18)	 (Not Inserted)
2 , 196 , BLPL , C , 1 , 1005, 	(21-FEB-2025 15:01:18)	 (Not Inserted)
2 , 223 , GIPSKARTON , C , 1 , 1006, 	(21-FEB-2025 15:01:18)	 (Not Inserted)
2 , 223 , GIPSKARTON , C , 1 , 1003, 	(21-FEB-2025 15:01:18)	 (Not Inserted)
2 , 223 , GIPSKARTON , C , 1 , 1001, 	(21-FEB-2025 15:01:18)	 (Not Inserted)
2 , 1 , RIL , T , 1 , 1001, 	(21-FEB-2025 15:01:18)	 (Not Inserted)
2 , 43 , BP , T , 1 , 1001, 	(21-FEB-2025 15:01:18)	 (Not Inserted)
2 , 1 , RIL , T , 5 , 1001, 	(21-FEB-2025 15:01:18)	 (Not Inserted)
2 , 46 , TGLPL , C , 1 , 1004, 	(21-FEB-2025 15:01:18)	 (Not Inserted)
2 , 46 , TGLPL , C , 1 , 1005, 	(21-FEB-2025 15:01:18)	 (Not Inserted)
2 , 46 , TGLPL , C , 1 , 1001, 	(21-FEB-2025 15:01:18)	 (Not Inserted)
2 , 46 , TGLPL , C , 1 , 1003, 	(21-FEB-2025 15:01:18)	 (Not Inserted)
2 , 46 , TGLPL , C , 2 , 1004, 	(21-FEB-2025 15:01:18)	 (Not Inserted)
2 , 46 , TGLPL , C , 2 , 1005, 	(21-FEB-2025 15:01:18)	 (Not Inserted)
2 , 46 , TGLPL , C , 2 , 1003, 	(21-FEB-2025 15:01:18)	 (Not Inserted)
2 , 46 , TGLPL , C , 2 , 1001, 	(21-FEB-2025 15:01:18)	 (Not Inserted)
2 , 47 , TGBPL , C , 1 , 1005, 	(21-FEB-2025 15:01:18)	 (Not Inserted)
2 , 47 , TGBPL , C , 1 , 1001, 	(21-FEB-2025 15:01:18)	 (Not Inserted)
2 , 47 , TGBPL , C , 1 , 1006, 	(21-FEB-2025 15:01:18)	 (Not Inserted)
2 , 47 , TGBPL , C , 1 , 1004, 	(21-FEB-2025 15:01:18)	 (Not Inserted)
2 , 47 , TGBPL , C , 2 , 1001, 	(21-FEB-2025 15:01:18)	 (Not Inserted)
2 , 47 , TGBPL , C , 2 , 1005, 	(21-FEB-2025 15:01:18)	 (Not Inserted)
2 , 47 , TGBPL , C , 2 , 1004, 	(21-FEB-2025 15:01:18)	 (Not Inserted)
2 , 47 , TGBPL , C , 2 , 1006, 	(21-FEB-2025 15:01:18)	 (Not Inserted)
2 , 48 , BGEPL , C , 1 , 1004, 	(21-FEB-2025 15:01:18)	 (Not Inserted)
2 , 48 , BGEPL , C , 1 , 1006, 	(21-FEB-2025 15:01:18)	 (Not Inserted)
2 , 48 , BGEPL , C , 1 , 1001, 	(21-FEB-2025 15:01:18)	 (Not Inserted)
2 , 48 , BGEPL , C , 1 , 1005, 	(21-FEB-2025 15:01:18)	 (Not Inserted)
2 , 231 , IMCL , C , 1 , 1003, 	(21-FEB-2025 15:01:18)	 (Not Inserted)
2 , 231 , IMCL , C , 1 , 1005, 	(21-FEB-2025 15:01:18)	 (Not Inserted)
2 , 231 , IMCL , C , 1 , 1004, 	(21-FEB-2025 15:01:18)	 (Not Inserted)
2 , 231 , IMCL , C , 1 , 1006, 	(21-FEB-2025 15:01:18)	 (Not Inserted)
2 , 231 , IMCL , C , 1 , 1001, 	(21-FEB-2025 15:01:18)	 (Not Inserted)
2 , 49 , VVF India , C , 1 , 1005, 	(21-FEB-2025 15:01:18)	 (Not Inserted)
2 , 49 , VVF India , C , 1 , 1006, 	(21-FEB-2025 15:01:18)	 (Not Inserted)
VVF India,1,VAT TIN No.-S,27450909706V,VAT TIN No.-S is different from GST TIN No.-S, 	(21-FEB-2025 15:01:18)
2 , 49 , VVF India , C , 1 , 1005, 	(21-FEB-2025 15:01:18)	 (Not Inserted)
2 , 49 , VVF India , C , 1 , 1001, 	(21-FEB-2025 15:01:18)	 (Not Inserted)
2 , 49 , VVF India , C , 1 , 1004, 	(21-FEB-2025 15:01:18)	 (Not Inserted)
2 , 50 , GNFC , C , 1 , 1006, 	(21-FEB-2025 15:01:18)	 (Not Inserted)
2 , 50 , GNFC , C , 1 , 1001, 	(21-FEB-2025 15:01:18)	 (Not Inserted)
2 , 50 , GNFC , C , 1 , 1005, 	(21-FEB-2025 15:01:18)	 (Not Inserted)
2 , 50 , GNFC , C , 2 , 1006, 	(21-FEB-2025 15:01:18)	 (Not Inserted)
2 , 50 , GNFC , C , 2 , 1005, 	(21-FEB-2025 15:01:18)	 (Not Inserted)
2 , 50 , GNFC , C , 2 , 1001, 	(21-FEB-2025 15:01:18)	 (Not Inserted)
2 , 140 , MEGHHQX , C , 1 , 1005, 	(21-FEB-2025 15:01:18)	 (Not Inserted)
2 , 140 , MEGHHQX , C , 1 , 1003, 	(21-FEB-2025 15:01:18)	 (Not Inserted)
2 , 140 , MEGHHQX , C , 1 , 1001, 	(21-FEB-2025 15:01:18)	 (Not Inserted)
2 , 140 , MEGHHQX , C , 1 , 1006, 	(21-FEB-2025 15:01:18)	 (Not Inserted)
2 , 52 , GLIL , C , 1 , 1001, 	(21-FEB-2025 15:01:18)	 (Not Inserted)
2 , 52 , GLIL , C , 1 , 1003, 	(21-FEB-2025 15:01:18)	 (Not Inserted)
2 , 52 , GLIL , C , 1 , 1005, 	(21-FEB-2025 15:01:18)	 (Not Inserted)
2 , 52 , GLIL , C , 1 , 1004, 	(21-FEB-2025 15:01:18)	 (Not Inserted)
2 , 52 , GLIL , C , 2 , 1004, 	(21-FEB-2025 15:01:18)	 (Not Inserted)
2 , 52 , GLIL , C , 2 , 1001, 	(21-FEB-2025 15:01:18)	 (Not Inserted)
2 , 52 , GLIL , C , 2 , 1005, 	(21-FEB-2025 15:01:18)	 (Not Inserted)
2 , 52 , GLIL , C , 2 , 1003, 	(21-FEB-2025 15:01:18)	 (Not Inserted)
2 , 52 , GLIL , C , 3 , 1003, 	(21-FEB-2025 15:01:18)	 (Not Inserted)
2 , 52 , GLIL , C , 3 , 1005, 	(21-FEB-2025 15:01:18)	 (Not Inserted)
2 , 52 , GLIL , C , 3 , 1001, 	(21-FEB-2025 15:01:18)	 (Not Inserted)
2 , 52 , GLIL , C , 3 , 1004, 	(21-FEB-2025 15:01:18)	 (Not Inserted)
2 , 52 , GLIL , C , 4 , 1003, 	(21-FEB-2025 15:01:18)	 (Not Inserted)
2 , 52 , GLIL , C , 4 , 1001, 	(21-FEB-2025 15:01:18)	 (Not Inserted)
2 , 52 , GLIL , C , 4 , 1005, 	(21-FEB-2025 15:01:18)	 (Not Inserted)
2 , 52 , GLIL , C , 4 , 1006, 	(21-FEB-2025 15:01:18)	 (Not Inserted)
2 , 255 , SGI-AP , C , 1 , 1003, 	(21-FEB-2025 15:01:18)	 (Not Inserted)
2 , 255 , SGI-AP , C , 1 , 1006, 	(21-FEB-2025 15:01:18)	 (Not Inserted)
2 , 255 , SGI-AP , C , 1 , 1001, 	(21-FEB-2025 15:01:18)	 (Not Inserted)
2 , 117 , PEPL , C , 1 , 1005, 	(21-FEB-2025 15:01:18)	 (Not Inserted)
2 , 117 , PEPL , C , 1 , 1001, 	(21-FEB-2025 15:01:18)	 (Not Inserted)
2 , 117 , PEPL , C , 2 , 1001, 	(21-FEB-2025 15:01:18)	 (Not Inserted)
2 , 117 , PEPL , C , 2 , 1004, 	(21-FEB-2025 15:01:18)	 (Not Inserted)
2 , 117 , PEPL , C , 2 , 1005, 	(21-FEB-2025 15:01:18)	 (Not Inserted)
2 , 54 , GFCL , C , 1 , 1001, 	(21-FEB-2025 15:01:18)	 (Not Inserted)
2 , 54 , GFCL , C , 1 , 1006, 	(21-FEB-2025 15:01:18)	 (Not Inserted)
2 , 54 , GFCL , C , 1 , 1005, 	(21-FEB-2025 15:01:18)	 (Not Inserted)
2 , 54 , GFCL , C , 2 , 1005, 	(21-FEB-2025 15:01:18)	 (Not Inserted)
2 , 54 , GFCL , C , 2 , 1001, 	(21-FEB-2025 15:01:18)	 (Not Inserted)
2 , 54 , GFCL , C , 2 , 1006, 	(21-FEB-2025 15:01:18)	 (Not Inserted)
2 , 55 , CPL , C , 1 , 1006, 	(21-FEB-2025 15:01:18)	 (Not Inserted)
2 , 55 , CPL , C , 1 , 1001, 	(21-FEB-2025 15:01:18)	 (Not Inserted)
2 , 55 , CPL , C , 1 , 1005, 	(21-FEB-2025 15:01:18)	 (Not Inserted)
2 , 56 , IRM , C , 1 , 1004, 	(21-FEB-2025 15:01:18)	 (Not Inserted)
2 , 56 , IRM , C , 1 , 1005, 	(21-FEB-2025 15:01:18)	 (Not Inserted)
2 , 56 , IRM , C , 1 , 1006, 	(21-FEB-2025 15:01:18)	 (Not Inserted)
2 , 56 , IRM , C , 1 , 1001, 	(21-FEB-2025 15:01:18)	 (Not Inserted)
2 , 57 , PPL , C , 1 , 1005, 	(21-FEB-2025 15:01:18)	 (Not Inserted)
2 , 57 , PPL , C , 1 , 1003, 	(21-FEB-2025 15:01:18)	 (Not Inserted)
2 , 57 , PPL , C , 1 , 1001, 	(21-FEB-2025 15:01:18)	 (Not Inserted)
2 , 58 , YARALTD , C , 1 , 1006, 	(21-FEB-2025 15:01:18)	 (Not Inserted)
2 , 58 , YARALTD , C , 1 , 1004, 	(21-FEB-2025 15:01:18)	 (Not Inserted)
2 , 58 , YARALTD , C , 1 , 1005, 	(21-FEB-2025 15:01:18)	 (Not Inserted)
2 , 58 , YARALTD , C , 1 , 1001, 	(21-FEB-2025 15:01:18)	 (Not Inserted)
2 , 59 , INPEROX , C , 1 , 1006, 	(21-FEB-2025 15:01:18)	 (Not Inserted)
2 , 59 , INPEROX , C , 1 , 1001, 	(21-FEB-2025 15:01:18)	 (Not Inserted)
2 , 60 , RAFECHL , C , 1 , 1006, 	(21-FEB-2025 15:01:18)	 (Not Inserted)
2 , 60 , RAFECHL , C , 1 , 1003, 	(21-FEB-2025 15:01:18)	 (Not Inserted)
2 , 60 , RAFECHL , C , 1 , 1001, 	(21-FEB-2025 15:01:18)	 (Not Inserted)
2 , 124 , MGRPL , C , 1 , 1005, 	(21-FEB-2025 15:01:18)	 (Not Inserted)
2 , 124 , MGRPL , C , 1 , 1001, 	(21-FEB-2025 15:01:18)	 (Not Inserted)
2 , 124 , MGRPL , C , 1 , 1004, 	(21-FEB-2025 15:01:18)	 (Not Inserted)
2 , 124 , MGRPL , T , 2 , 1001, 	(21-FEB-2025 15:01:18)	 (Not Inserted)
2 , 208 , CNTENKA , C , 1 , 1001, 	(21-FEB-2025 15:01:18)	 (Not Inserted)
2 , 208 , CNTENKA , C , 1 , 1006, 	(21-FEB-2025 15:01:18)	 (Not Inserted)
2 , 61 , EFSPL , C , 1 , 1001, 	(21-FEB-2025 15:01:18)	 (Not Inserted)
2 , 61 , EFSPL , C , 1 , 1005, 	(21-FEB-2025 15:01:18)	 (Not Inserted)
2 , 61 , EFSPL , C , 1 , 1006, 	(21-FEB-2025 15:01:18)	 (Not Inserted)
2 , 158 , HINDURV , C , 1 , 1006, 	(21-FEB-2025 15:01:18)	 (Not Inserted)
2 , 158 , HINDURV , C , 1 , 1001, 	(21-FEB-2025 15:01:18)	 (Not Inserted)
2 , 158 , HINDURV , C , 1 , 1002, 	(21-FEB-2025 15:01:18)	 (Not Inserted)
2 , 158 , HINDURV , C , 1 , 1003, 	(21-FEB-2025 15:01:18)	 (Not Inserted)
2 , 158 , HINDURV , C , 2 , 1006, 	(21-FEB-2025 15:01:18)	 (Not Inserted)
2 , 158 , HINDURV , C , 2 , 1001, 	(21-FEB-2025 15:01:18)	 (Not Inserted)
2 , 227 , HCGPUTE , C , 1 , 1006, 	(21-FEB-2025 15:01:18)	 (Not Inserted)
2 , 227 , HCGPUTE , C , 1 , 1001, 	(21-FEB-2025 15:01:18)	 (Not Inserted)
2 , 227 , HCGPUTE , C , 1 , 1005, 	(21-FEB-2025 15:01:18)	 (Not Inserted)
2 , 227 , HCGPUTE , C , 1 , 1004, 	(21-FEB-2025 15:01:18)	 (Not Inserted)
2 , 63 , GOAGLSF , C , 1 , 1006, 	(21-FEB-2025 15:01:18)	 (Not Inserted)
2 , 63 , GOAGLSF , C , 1 , 1001, 	(21-FEB-2025 15:01:18)	 (Not Inserted)
2 , 63 , GOAGLSF , C , 1 , 1005, 	(21-FEB-2025 15:01:18)	 (Not Inserted)
2 , 64 , IGSPL , C , 1 , 1003, 	(21-FEB-2025 15:01:18)	 (Not Inserted)
2 , 64 , IGSPL , C , 1 , 1006, 	(21-FEB-2025 15:01:18)	 (Not Inserted)
2 , 64 , IGSPL , C , 1 , 1001, 	(21-FEB-2025 15:01:18)	 (Not Inserted)
2 , 64 , IGSPL , C , 1 , 1004, 	(21-FEB-2025 15:01:18)	 (Not Inserted)
2 , 64 , IGSPL , C , 1 , 1005, 	(21-FEB-2025 15:01:18)	 (Not Inserted)
2 , 64 , IGSPL , C , 2 , 1004, 	(21-FEB-2025 15:01:18)	 (Not Inserted)
2 , 64 , IGSPL , C , 2 , 1001, 	(21-FEB-2025 15:01:18)	 (Not Inserted)
2 , 64 , IGSPL , C , 2 , 1005, 	(21-FEB-2025 15:01:18)	 (Not Inserted)
2 , 64 , IGSPL , T , 2 , 1001, 	(21-FEB-2025 15:01:18)	 (Not Inserted)
2 , 65 , PEFORCV , C , 1 , 1001, 	(21-FEB-2025 15:01:18)	 (Not Inserted)
2 , 65 , PEFORCV , C , 1 , 1005, 	(21-FEB-2025 15:01:18)	 (Not Inserted)
PEFORCV,1,VAT TIN No.-S,27950563626V,VAT TIN No.-S is different from GST TIN No.-S, 	(21-FEB-2025 15:01:18)
2 , 65 , PEFORCV , C , 1 , 1005, 	(21-FEB-2025 15:01:18)	 (Not Inserted)
2 , 66 , BHEL , C , 1 , 1006, 	(21-FEB-2025 15:01:18)	 (Not Inserted)
2 , 66 , BHEL , C , 1 , 1005, 	(21-FEB-2025 15:01:18)	 (Not Inserted)
2 , 66 , BHEL , C , 1 , 1001, 	(21-FEB-2025 15:01:18)	 (Not Inserted)
2 , 66 , BHEL , C , 1 , 1004, 	(21-FEB-2025 15:01:18)	 (Not Inserted)
2 , 66 , BHEL , C , 2 , 1006, 	(21-FEB-2025 15:01:18)	 (Not Inserted)
2 , 66 , BHEL , C , 2 , 1004, 	(21-FEB-2025 15:01:18)	 (Not Inserted)
2 , 66 , BHEL , C , 2 , 1005, 	(21-FEB-2025 15:01:18)	 (Not Inserted)
2 , 66 , BHEL , C , 2 , 1001, 	(21-FEB-2025 15:01:18)	 (Not Inserted)
2 , 210 , COMFIND , C , 1 , 1005, 	(21-FEB-2025 15:01:18)	 (Not Inserted)
2 , 210 , COMFIND , C , 1 , 1006, 	(21-FEB-2025 15:01:18)	 (Not Inserted)
2 , 210 , COMFIND , C , 1 , 1004, 	(21-FEB-2025 15:01:18)	 (Not Inserted)
2 , 210 , COMFIND , C , 1 , 1001, 	(21-FEB-2025 15:01:18)	 (Not Inserted)
2 , 67 , DCMSHRI , C , 1 , 1004, 	(21-FEB-2025 15:01:18)	 (Not Inserted)
2 , 67 , DCMSHRI , C , 1 , 1001, 	(21-FEB-2025 15:01:18)	 (Not Inserted)
2 , 144 , HINAGIL , C , 1 , 1004, 	(21-FEB-2025 15:01:18)	 (Not Inserted)
2 , 144 , HINAGIL , C , 1 , 1005, 	(21-FEB-2025 15:01:18)	 (Not Inserted)
2 , 144 , HINAGIL , C , 1 , 1003, 	(21-FEB-2025 15:01:18)	 (Not Inserted)
2 , 144 , HINAGIL , C , 1 , 1006, 	(21-FEB-2025 15:01:18)	 (Not Inserted)
2 , 144 , HINAGIL , C , 1 , 1001, 	(21-FEB-2025 15:01:18)	 (Not Inserted)
2 , 147 , HPOIGAS , C , 1 , 1005, 	(21-FEB-2025 15:01:18)	 (Not Inserted)
2 , 147 , HPOIGAS , C , 1 , 1006, 	(21-FEB-2025 15:01:18)	 (Not Inserted)
2 , 147 , HPOIGAS , C , 1 , 1004, 	(21-FEB-2025 15:01:18)	 (Not Inserted)
HPOIGAS,1,GST TIN No.-S,06AAECH7368D1ZK,GST TIN No.-S is different from VAT TIN No.-S, 	(21-FEB-2025 15:01:18)
2 , 147 , HPOIGAS , C , 1 , 1005, 	(21-FEB-2025 15:01:18)	 (Not Inserted)
2 , 147 , HPOIGAS , C , 1 , 1001, 	(21-FEB-2025 15:01:18)	 (Not Inserted)
2 , 92 , NEL , C , 1 , 1004, 	(21-FEB-2025 15:01:18)	 (Not Inserted)
2 , 92 , NEL , C , 1 , 1001, 	(21-FEB-2025 15:01:18)	 (Not Inserted)
2 , 92 , NEL , C , 1 , 1005, 	(21-FEB-2025 15:01:18)	 (Not Inserted)
2 , 104 , TASTELI , C , 1 , 1004, 	(21-FEB-2025 15:01:18)	 (Not Inserted)
2 , 104 , TASTELI , C , 1 , 1006, 	(21-FEB-2025 15:01:18)	 (Not Inserted)
2 , 104 , TASTELI , C , 1 , 1001, 	(21-FEB-2025 15:01:18)	 (Not Inserted)
2 , 104 , TASTELI , C , 1 , 1005, 	(21-FEB-2025 15:01:18)	 (Not Inserted)
2 , 105 , HMEL , C , 1 , 1001, 	(21-FEB-2025 15:01:18)	 (Not Inserted)
2 , 105 , HMEL , C , 1 , 1005, 	(21-FEB-2025 15:01:18)	 (Not Inserted)
2 , 105 , HMEL , C , 1 , 1006, 	(21-FEB-2025 15:01:18)	 (Not Inserted)
2 , 105 , HMEL , C , 2 , 1006, 	(21-FEB-2025 15:01:18)	 (Not Inserted)
2 , 105 , HMEL , C , 2 , 1001, 	(21-FEB-2025 15:01:18)	 (Not Inserted)
2 , 105 , HMEL , C , 2 , 1005, 	(21-FEB-2025 15:01:18)	 (Not Inserted)
2 , 105 , HMEL , C , 3 , 1006, 	(21-FEB-2025 15:01:18)	 (Not Inserted)
2 , 105 , HMEL , C , 3 , 1005, 	(21-FEB-2025 15:01:18)	 (Not Inserted)
2 , 105 , HMEL , C , 3 , 1001, 	(21-FEB-2025 15:01:18)	 (Not Inserted)
2 , 105 , HMEL , C , 4 , 1005, 	(21-FEB-2025 15:01:18)	 (Not Inserted)
2 , 105 , HMEL , C , 4 , 1001, 	(21-FEB-2025 15:01:18)	 (Not Inserted)
2 , 105 , HMEL , C , 4 , 1006, 	(21-FEB-2025 15:01:18)	 (Not Inserted)
2 , 105 , HMEL , C , 5 , 1005, 	(21-FEB-2025 15:01:18)	 (Not Inserted)
2 , 105 , HMEL , C , 5 , 1001, 	(21-FEB-2025 15:01:18)	 (Not Inserted)
2 , 105 , HMEL , C , 5 , 1003, 	(21-FEB-2025 15:01:18)	 (Not Inserted)
2 , 105 , HMEL , C , 6 , 1001, 	(21-FEB-2025 15:01:18)	 (Not Inserted)
2 , 105 , HMEL , C , 6 , 1005, 	(21-FEB-2025 15:01:18)	 (Not Inserted)
2 , 105 , HMEL , C , 6 , 1003, 	(21-FEB-2025 15:01:18)	 (Not Inserted)
2 , 162 , BOROREN , C , 1 , 1006, 	(21-FEB-2025 15:01:18)	 (Not Inserted)
2 , 162 , BOROREN , C , 1 , 1001, 	(21-FEB-2025 15:01:18)	 (Not Inserted)
2 , 151 , KINGASP , C , 1 , 1004, 	(21-FEB-2025 15:01:18)	 (Not Inserted)
2 , 151 , KINGASP , C , 1 , 1006, 	(21-FEB-2025 15:01:18)	 (Not Inserted)
2 , 151 , KINGASP , C , 1 , 1001, 	(21-FEB-2025 15:01:18)	 (Not Inserted)
2 , 151 , KINGASP , C , 1 , 1003, 	(21-FEB-2025 15:01:18)	 (Not Inserted)
2 , 151 , KINGASP , C , 1 , 1005, 	(21-FEB-2025 15:01:18)	 (Not Inserted)
2 , 151 , KINGASP , C , 2 , 1001, 	(21-FEB-2025 15:01:18)	 (Not Inserted)
2 , 106 , RATNAGI , C , 1 , 1001, 	(21-FEB-2025 15:01:18)	 (Not Inserted)
2 , 106 , RATNAGI , C , 1 , 1003, 	(21-FEB-2025 15:01:18)	 (Not Inserted)
2 , 106 , RATNAGI , C , 1 , 1006, 	(21-FEB-2025 15:01:18)	 (Not Inserted)
2 , 107 , IDOINVA , C , 1 , 1004, 	(21-FEB-2025 15:01:18)	 (Not Inserted)
2 , 107 , IDOINVA , C , 1 , 1001, 	(21-FEB-2025 15:01:18)	 (Not Inserted)
2 , 107 , IDOINVA , C , 1 , 1006, 	(21-FEB-2025 15:01:18)	 (Not Inserted)
2 , 107 , IDOINVA , C , 1 , 1005, 	(21-FEB-2025 15:01:18)	 (Not Inserted)
2 , 190 , AGPCGIN , C , 1 , 1005, 	(21-FEB-2025 15:01:18)	 (Not Inserted)
2 , 190 , AGPCGIN , C , 1 , 1001, 	(21-FEB-2025 15:01:18)	 (Not Inserted)
2 , 190 , AGPCGIN , C , 1 , 1003, 	(21-FEB-2025 15:01:18)	 (Not Inserted)
2 , 190 , AGPCGIN , C , 1 , 1004, 	(21-FEB-2025 15:01:18)	 (Not Inserted)
2 , 190 , AGPCGIN , C , 2 , 1005, 	(21-FEB-2025 15:01:18)	 (Not Inserted)
2 , 190 , AGPCGIN , C , 2 , 1004, 	(21-FEB-2025 15:01:18)	 (Not Inserted)
2 , 190 , AGPCGIN , C , 2 , 1001, 	(21-FEB-2025 15:01:18)	 (Not Inserted)
2 , 176 , NESTLIN , C , 1 , 1006, 	(21-FEB-2025 15:01:18)	 (Not Inserted)
2 , 176 , NESTLIN , C , 1 , 1001, 	(21-FEB-2025 15:01:18)	 (Not Inserted)
2 , 176 , NESTLIN , C , 1 , 1004, 	(21-FEB-2025 15:01:18)	 (Not Inserted)
2 , 176 , NESTLIN , C , 1 , 1005, 	(21-FEB-2025 15:01:18)	 (Not Inserted)
2 , 188 , VISHPRI , C , 1 , 1001, 	(21-FEB-2025 15:01:18)	 (Not Inserted)
2 , 188 , VISHPRI , C , 1 , 1006, 	(21-FEB-2025 15:01:18)	 (Not Inserted)
2 , 188 , VISHPRI , C , 1 , 1003, 	(21-FEB-2025 15:01:18)	 (Not Inserted)
2 ,  , SOMANY , C , 1 , 1001, 	(21-FEB-2025 15:01:18)	 (Not Inserted)
2 ,  , SOMANY , C , 1 , 1006, 	(21-FEB-2025 15:01:18)	 (Not Inserted)
2 ,  , SOMANY , C , 1 , 1003, 	(21-FEB-2025 15:01:18)	 (Not Inserted)
2 , 202 , BHOGATD , C , 1 , 1001, 	(21-FEB-2025 15:01:18)	 (Not Inserted)
2 , 202 , BHOGATD , C , 1 , 1006, 	(21-FEB-2025 15:01:18)	 (Not Inserted)
2 , 202 , BHOGATD , C , 1 , 1003, 	(21-FEB-2025 15:01:18)	 (Not Inserted)
2 , 202 , BHOGATD , C , 2 , 1006, 	(21-FEB-2025 15:01:18)	 (Not Inserted)
2 , 202 , BHOGATD , C , 2 , 1003, 	(21-FEB-2025 15:01:18)	 (Not Inserted)
2 , 202 , BHOGATD , C , 2 , 1001, 	(21-FEB-2025 15:01:18)	 (Not Inserted)
2 , 277 , VIGASLD , C , 1 , 1001, 	(21-FEB-2025 15:01:18)	 (Not Inserted)
2 , 277 , VIGASLD , C , 1 , 1003, 	(21-FEB-2025 15:01:18)	 (Not Inserted)
2 , 277 , VIGASLD , C , 1 , 1006, 	(21-FEB-2025 15:01:18)	 (Not Inserted)
2 , 167 , GOLDPFG , C , 1 , 1001, 	(21-FEB-2025 15:01:18)	 (Not Inserted)
2 , 167 , GOLDPFG , C , 1 , 1006, 	(21-FEB-2025 15:01:18)	 (Not Inserted)
2 , 122 , GAILGAS , C , 1 , 1006, 	(21-FEB-2025 15:01:18)	 (Not Inserted)
2 , 122 , GAILGAS , C , 1 , 1003, 	(21-FEB-2025 15:01:18)	 (Not Inserted)
2 , 122 , GAILGAS , C , 1 , 1001, 	(21-FEB-2025 15:01:18)	 (Not Inserted)
2 , 122 , GAILGAS , C , 1 , 1004, 	(21-FEB-2025 15:01:18)	 (Not Inserted)
2 , 122 , GAILGAS , C , 2 , 1006, 	(21-FEB-2025 15:01:18)	 (Not Inserted)
2 , 122 , GAILGAS , C , 2 , 1003, 	(21-FEB-2025 15:01:18)	 (Not Inserted)
2 , 122 , GAILGAS , C , 2 , 1004, 	(21-FEB-2025 15:01:18)	 (Not Inserted)
2 , 122 , GAILGAS , C , 2 , 1001, 	(21-FEB-2025 15:01:18)	 (Not Inserted)
2 , 174 , KUTCHCL , C , 1 , 1006, 	(21-FEB-2025 15:01:18)	 (Not Inserted)
2 , 174 , KUTCHCL , C , 1 , 1001, 	(21-FEB-2025 15:01:18)	 (Not Inserted)
2 , 181 , SANENER , C , 1 , 1006, 	(21-FEB-2025 15:01:18)	 (Not Inserted)
2 , 181 , SANENER , C , 1 , 1005, 	(21-FEB-2025 15:01:18)	 (Not Inserted)
2 , 181 , SANENER , C , 1 , 1001, 	(21-FEB-2025 15:01:18)	 (Not Inserted)
2 , 181 , SANENER , C , 1 , 1004, 	(21-FEB-2025 15:01:18)	 (Not Inserted)
2 , 183 , SUMGLAS , C , 1 , 1004, 	(21-FEB-2025 15:01:18)	 (Not Inserted)
2 , 183 , SUMGLAS , C , 1 , 1006, 	(21-FEB-2025 15:01:18)	 (Not Inserted)
2 , 183 , SUMGLAS , C , 1 , 1005, 	(21-FEB-2025 15:01:18)	 (Not Inserted)
2 , 183 , SUMGLAS , C , 1 , 1001, 	(21-FEB-2025 15:01:18)	 (Not Inserted)
2 , 184 , SVTPLIN , C , 1 , 1006, 	(21-FEB-2025 15:01:18)	 (Not Inserted)
2 , 184 , SVTPLIN , C , 1 , 1001, 	(21-FEB-2025 15:01:18)	 (Not Inserted)
2 , 123 , AVGL , C , 1 , 1001, 	(21-FEB-2025 15:01:18)	 (Not Inserted)
2 , 123 , AVGL , C , 1 , 1006, 	(21-FEB-2025 15:01:18)	 (Not Inserted)
2 , 123 , AVGL , C , 1 , 1005, 	(21-FEB-2025 15:01:18)	 (Not Inserted)
2 , 123 , AVGL , C , 1 , 1004, 	(21-FEB-2025 15:01:18)	 (Not Inserted)
2 , 121 , NGPL , C , 1 , 1005, 	(21-FEB-2025 15:01:18)	 (Not Inserted)
2 , 121 , NGPL , C , 1 , 1006, 	(21-FEB-2025 15:01:18)	 (Not Inserted)
2 , 121 , NGPL , C , 1 , 1001, 	(21-FEB-2025 15:01:18)	 (Not Inserted)
2 , 121 , NGPL , C , 1 , 1004, 	(21-FEB-2025 15:01:18)	 (Not Inserted)
2 , 119 , ROCKIND , C , 1 , 1006, 	(21-FEB-2025 15:01:18)	 (Not Inserted)
2 , 119 , ROCKIND , C , 1 , 1001, 	(21-FEB-2025 15:01:18)	 (Not Inserted)
2 , 119 , ROCKIND , C , 1 , 1003, 	(21-FEB-2025 15:01:18)	 (Not Inserted)
2 , 119 , ROCKIND , C , 1 , 1005, 	(21-FEB-2025 15:01:18)	 (Not Inserted)
2 , 118 , LANCOKO , C , 1 , 1004, 	(21-FEB-2025 15:01:18)	 (Not Inserted)
2 , 118 , LANCOKO , C , 1 , 1001, 	(21-FEB-2025 15:01:18)	 (Not Inserted)
2 , 118 , LANCOKO , C , 1 , 1006, 	(21-FEB-2025 15:01:18)	 (Not Inserted)
2 , 118 , LANCOKO , C , 1 , 1005, 	(21-FEB-2025 15:01:18)	 (Not Inserted)
2 , 130 , CRMNDEL , C , 1 , 1003, 	(21-FEB-2025 15:01:18)	 (Not Inserted)
2 , 130 , CRMNDEL , C , 1 , 1004, 	(21-FEB-2025 15:01:18)	 (Not Inserted)
2 , 130 , CRMNDEL , C , 1 , 1006, 	(21-FEB-2025 15:01:18)	 (Not Inserted)
2 , 130 , CRMNDEL , C , 1 , 1001, 	(21-FEB-2025 15:01:18)	 (Not Inserted)
2 , 130 , CRMNDEL , C , 1 , 1005, 	(21-FEB-2025 15:01:18)	 (Not Inserted)
2 , 2 , SEIPL , B , 1 , 1005, 	(21-FEB-2025 15:01:18)	 (Not Inserted)
2 , 2 , SEIPL , B , 1 , 1004, 	(21-FEB-2025 15:01:18)	 (Not Inserted)
2 , 2 , SEIPL , B , 1 , 1001, 	(21-FEB-2025 15:01:18)	 (Not Inserted)
2 , 2 , SEIPL , B , 1 , 1002, 	(21-FEB-2025 15:01:18)	 (Not Inserted)
2 , 2 , SEIPL , B , 1 , 1003, 	(21-FEB-2025 15:01:18)	 (Not Inserted)
2 , 2 , SEIPL , B , 2 , 1001, 	(21-FEB-2025 15:01:18)	 (Not Inserted)
2 , 2 , SEIPL , B , 2 , 1004, 	(21-FEB-2025 15:01:18)	 (Not Inserted)
2 , 2 , SEIPL , B , 2 , 1005, 	(21-FEB-2025 15:01:18)	 (Not Inserted)
2 , 2 , SEIPL , B , 2 , 1001, 	(21-FEB-2025 15:01:18)	 (Not Inserted)
2 , 2 , SEIPL , B , 2 , 1004, 	(21-FEB-2025 15:01:18)	 (Not Inserted)
2 , 2 , SEIPL , B , 2 , 1005, 	(21-FEB-2025 15:01:18)	 (Not Inserted)
2 , 2 , SEIPL , B , 3 , 1005, 	(21-FEB-2025 15:01:18)	 (Not Inserted)
2 , 2 , SEIPL , B , 3 , 1004, 	(21-FEB-2025 15:01:18)	 (Not Inserted)
2 , 2 , SEIPL , B , 3 , 1004, 	(21-FEB-2025 15:01:18)	 (Not Inserted)
2 , 2 , SEIPL , B , 3 , 1005, 	(21-FEB-2025 15:01:18)	 (Not Inserted)
2 , 2 , SEIPL , B , 3 , 1001, 	(21-FEB-2025 15:01:18)	 (Not Inserted)
2 , 2 , SEIPL , B , 3 , 1001, 	(21-FEB-2025 15:01:18)	 (Not Inserted)

TOTAL DATA IN EXCEL : ,753,,,,, 	(21-FEB-2025 15:01:18)
 

TOTAL DATA INSERTED : ,0,,,,, 	(21-FEB-2025 15:01:18)
 

TOTAL SKIPPED DATA ,753,,,,, 	(21-FEB-2025 15:01:18)
 
<<END>>,<<FMS_COUNTERPARTY_PLANT_TAX>>,,,,, 	(21-FEB-2025 15:01:18)
 

<<START>>,<<FMS_COUNTERPARTY_BU_TAX>>,,,,, 	(21-FEB-2025 15:01:18)
 
COMPANY_CD,CD,ABBR,ENTITY,PLANT_SEQ_NO,STAT_CD,TIMESTAMP
2 ,126 , SGSINDIA , S , 1 , 1001, 	(21-FEB-2025 15:01:18)	 (Not Inserted)
2 ,232 , JBB , S , 1 , 1001, 	(21-FEB-2025 15:01:18)	 (Not Inserted)
2 ,264 , SSAPL , S , 1 , 1001, 	(21-FEB-2025 15:01:18)	 (Not Inserted)
2 ,232 , JBB , V , 1 , 1001, 	(21-FEB-2025 15:01:18)	 (Not Inserted)
2 , , BOXCO , H , 1 , 1001, 	(21-FEB-2025 15:01:18)	 (Not Inserted)
2 , , JMB , H , 1 , 1001, 	(21-FEB-2025 15:01:18)	 (Not Inserted)
2 ,265 , SLPL , H , 1 , 1001, 	(21-FEB-2025 15:01:18)	 (Not Inserted)
2 ,265 , SLPL , H , 1 , 1001, 	(21-FEB-2025 15:01:18)	 (Not Inserted)

TOTAL DATA IN EXCEL : ,8,,,,, 	(21-FEB-2025 15:01:18)
 

TOTAL DATA INSERTED : ,0,,,,, 	(21-FEB-2025 15:01:18)
 

TOTAL SKIPPED DATA ,8,,,,, 	(21-FEB-2025 15:01:18)
 
<<END>>,<<FMS_COUNTERPARTY_BU_TAX>>,,,,, 	(21-FEB-2025 15:01:18)
 

<<START>>,<<FMS_ENTITY_TAX_STRUCT_DTL>>,,,,,, 	(21-FEB-2025 15:01:18)
 
COMPANY_CD,CD,ABBR,ENTITY,PLANT_SEQ_NO,BU_UNIT,EFF_DT,TIMESTAMP
2 ,1 , RIL , C , 6 , 1 , 14/09/2008 00:00:00, 	(21-FEB-2025 15:01:18)	 (Not Inserted)
2 ,1 , RIL , C , 8 , 1 , 14/09/2008 00:00:00, 	(21-FEB-2025 15:01:18)	 (Not Inserted)
2 ,1 , RIL , C , 15 , 1 , 14/09/2008 00:00:00, 	(21-FEB-2025 15:01:18)	 (Not Inserted)
2 ,1 , RIL , C , 16 , 1 , 14/09/2008 00:00:00, 	(21-FEB-2025 15:01:18)	 (Not Inserted)
2 ,1 , RIL , C , 17 , 1 , 14/09/2008 00:00:00, 	(21-FEB-2025 15:01:18)	 (Not Inserted)
2 ,1 , RIL , C , 18 , 3 , 14/09/2008 00:00:00, 	(21-FEB-2025 15:01:18)	 (Not Inserted)
2 ,1 , RIL , C , 18 , 3 , 14/09/2008 00:00:00, 	(21-FEB-2025 15:01:18)	 (Not Inserted)
2 ,1 , RIL , C , 2 , 1 , 14/09/2008 00:00:00, 	(21-FEB-2025 15:01:18)	 (Not Inserted)
2 ,1 , RIL , C , 3 , 1 , 14/09/2008 00:00:00, 	(21-FEB-2025 15:01:18)	 (Not Inserted)
2 ,1 , RIL , C , 4 , 1 , 14/09/2008 00:00:00, 	(21-FEB-2025 15:01:18)	 (Not Inserted)
2 ,1 , RIL , C , 5 , 1 , 14/09/2008 00:00:00, 	(21-FEB-2025 15:01:18)	 (Not Inserted)
2 ,2 , MGL , C , 1 , 1 , 16/07/2009 00:00:00, 	(21-FEB-2025 15:01:18)	 (Not Inserted)
2 ,2 , MGL , C , 1 , 3 , 16/07/2009 00:00:00, 	(21-FEB-2025 15:01:18)	 (Not Inserted)
2 ,3 , GSPCL , C , 1 , 1 , 24/03/2005 00:00:00, 	(21-FEB-2025 15:01:18)	 (Not Inserted)
2 ,3 , GSPCL , C , 1 , 1 , 24/03/2005 00:00:00, 	(21-FEB-2025 15:01:18)	 (Not Inserted)
2 ,3 , GSPCL , C , 1 , 1 , 24/03/2005 00:00:00, 	(21-FEB-2025 15:01:18)	 (Not Inserted)
2 ,3 , GSPCL , C , 2 , 1 , 24/03/2005 00:00:00, 	(21-FEB-2025 15:01:18)	 (Not Inserted)
2 ,3 , GSPCL , C , 3 , 3 , 24/03/2005 00:00:00, 	(21-FEB-2025 15:01:18)	 (Not Inserted)
2 ,4 , Gail , C , 1 , 1 , 08/03/2007 00:00:00, 	(21-FEB-2025 15:01:18)	 (Not Inserted)
2 ,4 , Gail , C , 1 , 1 , 08/03/2007 00:00:00, 	(21-FEB-2025 15:01:18)	 (Not Inserted)
2 ,4 , Gail , C , 2 , 1 , 08/03/2007 00:00:00, 	(21-FEB-2025 15:01:18)	 (Not Inserted)
2 ,4 , Gail , C , 3 , 3 , 08/03/2007 00:00:00, 	(21-FEB-2025 15:01:18)	 (Not Inserted)
2 ,4 , Gail , C , 4 , 1 , 08/03/2007 00:00:00, 	(21-FEB-2025 15:01:18)	 (Not Inserted)
2 ,4 , Gail , C , 7 , 1 , 08/03/2007 00:00:00, 	(21-FEB-2025 15:01:18)	 (Not Inserted)
2 ,4 , Gail , C , 8 , 1 , 08/03/2007 00:00:00, 	(21-FEB-2025 15:01:18)	 (Not Inserted)
2 ,5 , NTPC , C , 3 , 1 , 01/06/2006 00:00:00, 	(21-FEB-2025 15:01:18)	 (Not Inserted)
2 ,5 , NTPC , C , 4 , 1 , 01/06/2006 00:00:00, 	(21-FEB-2025 15:01:18)	 (Not Inserted)
2 ,5 , NTPC , C , 5 , 1 , 01/06/2006 00:00:00, 	(21-FEB-2025 15:01:18)	 (Not Inserted)
2 ,5 , NTPC , C , 1 , 3 , 01/06/2006 00:00:00, 	(21-FEB-2025 15:01:18)	 (Not Inserted)
2 ,5 , NTPC , C , 2 , 3 , 01/06/2006 00:00:00, 	(21-FEB-2025 15:01:18)	 (Not Inserted)
2 ,5 , NTPC , C , 3 , 3 , 01/06/2006 00:00:00, 	(21-FEB-2025 15:01:18)	 (Not Inserted)
2 ,5 , NTPC , C , 4 , 3 , 01/06/2006 00:00:00, 	(21-FEB-2025 15:01:18)	 (Not Inserted)
2 ,5 , NTPC , C , 5 , 3 , 01/06/2006 00:00:00, 	(21-FEB-2025 15:01:18)	 (Not Inserted)
2 ,5 , NTPC , C , 6 , 3 , 01/06/2006 00:00:00, 	(21-FEB-2025 15:01:18)	 (Not Inserted)
2 ,5 , NTPC , C , 6 , 3 , 01/06/2006 00:00:00, 	(21-FEB-2025 15:01:18)	 (Not Inserted)
2 ,5 , NTPC , C , 2 , 1 , 01/06/2006 00:00:00, 	(21-FEB-2025 15:01:18)	 (Not Inserted)
2 ,5 , NTPC , C , 6 , 1 , 01/06/2006 00:00:00, 	(21-FEB-2025 15:01:19)	 (Not Inserted)
2 , , Kribhco , C , 1 , 1 , 05/12/2007 00:00:00, 	(21-FEB-2025 15:01:19)	 (Not Inserted)
2 ,6 , KRIBHCO , C , 1 , 3 , 05/12/2007 00:00:00, 	(21-FEB-2025 15:01:19)	 (Not Inserted)
2 ,6 , KRIBHCO , C , 1 , 1 , 05/12/2007 00:00:00, 	(21-FEB-2025 15:01:19)	 (Not Inserted)
2 ,7 , DFPCL , C , 1 , 3 , 03/12/2007 00:00:00, 	(21-FEB-2025 15:01:19)	 (Not Inserted)
2 ,9 , SIGIL , C , 1 , 1 , 01/04/2009 00:00:00, 	(21-FEB-2025 15:01:19)	 (Not Inserted)
2 ,10 , GGCL , C , 1 , 1 , 11/05/2012 00:00:00, 	(21-FEB-2025 15:01:19)	 (Not Inserted)
2 ,11 , TPL , C , 1 , 1 , 04/08/2012 00:00:00, 	(21-FEB-2025 15:01:19)	 (Not Inserted)
2 ,11 , TPL , C , 1 , 1 , 04/08/2012 00:00:00, 	(21-FEB-2025 15:01:19)	 (Not Inserted)
2 ,280 , WMSL , C , 1 , 1 , 31/05/2011 00:00:00, 	(21-FEB-2025 15:01:19)	 (Not Inserted)
2 ,12 , MNGL , C , 1 , 1 , 20/06/2013 00:00:00, 	(21-FEB-2025 15:01:19)	 (Not Inserted)
2 ,13 , IGL , C , 1 , 1 , 04/02/2011 00:00:00, 	(21-FEB-2025 15:01:19)	 (Not Inserted)
2 ,13 , IGL , C , 2 , 1 , 04/02/2011 00:00:00, 	(21-FEB-2025 15:01:19)	 (Not Inserted)
2 ,13 , IGL , C , 3 , 1 , 04/02/2011 00:00:00, 	(21-FEB-2025 15:01:19)	 (Not Inserted)
2 ,13 , IGL , C , 4 , 1 , 04/02/2011 00:00:00, 	(21-FEB-2025 15:01:19)	 (Not Inserted)
2 ,13 , IGL , C , 5 , 1 , 04/02/2011 00:00:00, 	(21-FEB-2025 15:01:19)	 (Not Inserted)
2 ,13 , IGL , C , 6 , 1 , 04/02/2011 00:00:00, 	(21-FEB-2025 15:01:19)	 (Not Inserted)
2 ,13 , IGL , C , 1 , 3 , 04/02/2011 00:00:00, 	(21-FEB-2025 15:01:19)	 (Not Inserted)
2 ,14 , BPCL , C , 1 , 1 , 24/07/2014 00:00:00, 	(21-FEB-2025 15:01:19)	 (Not Inserted)
2 ,14 , BPCL , C , 3 , 3 , 24/07/2014 00:00:00, 	(21-FEB-2025 15:01:19)	 (Not Inserted)
2 ,14 , BPCL , C , 2 , 1 , 24/07/2014 00:00:00, 	(21-FEB-2025 15:01:19)	 (Not Inserted)
2 ,14 , BPCL , C , 1 , 1 , 24/07/2014 00:00:00, 	(21-FEB-2025 15:01:19)	 (Not Inserted)
2 ,14 , BPCL , C , 3 , 3 , 24/07/2014 00:00:00, 	(21-FEB-2025 15:01:19)	 (Not Inserted)
2 ,14 , BPCL , C , 4 , 3 , 24/07/2014 00:00:00, 	(21-FEB-2025 15:01:19)	 (Not Inserted)
2 ,269 , TEL , C , 1 , 1 , 06/08/2014 00:00:00, 	(21-FEB-2025 15:01:19)	 (Not Inserted)
2 ,15 , HPCL , C , 2 , 1 , 17/11/2010 00:00:00, 	(21-FEB-2025 15:01:19)	 (Not Inserted)
2 ,15 , HPCL , C , 3 , 3 , 17/11/2010 00:00:00, 	(21-FEB-2025 15:01:19)	 (Not Inserted)
2 ,15 , HPCL , C , 1 , 1 , 17/11/2010 00:00:00, 	(21-FEB-2025 15:01:19)	 (Not Inserted)
2 ,15 , HPCL , C , 2 , 1 , 17/11/2010 00:00:00, 	(21-FEB-2025 15:01:19)	 (Not Inserted)
2 ,15 , HPCL , C , 3 , 3 , 17/11/2010 00:00:00, 	(21-FEB-2025 15:01:19)	 (Not Inserted)
2 ,15 , HPCL , C , 4 , 1 , 17/11/2010 00:00:00, 	(21-FEB-2025 15:01:19)	 (Not Inserted)
2 ,15 , HPCL , C , 5 , 1 , 17/11/2010 00:00:00, 	(21-FEB-2025 15:01:19)	 (Not Inserted)
2 , , JSW-Salav , C , 1 , 1 , 25/11/2014 00:00:00, 	(21-FEB-2025 15:01:19)	 (Not Inserted)
2 ,17 , BGL , C , 1 , 1 , 28/07/2016 00:00:00, 	(21-FEB-2025 15:01:19)	 (Not Inserted)
2 ,18 , GSFC , C , 1 , 1 , 14/03/2016 00:00:00, 	(21-FEB-2025 15:01:19)	 (Not Inserted)
2 ,18 , GSFC , C , 1 , 1 , 14/03/2016 00:00:00, 	(21-FEB-2025 15:01:19)	 (Not Inserted)
2 ,18 , GSFC , C , 2 , 1 , 14/03/2016 00:00:00, 	(21-FEB-2025 15:01:19)	 (Not Inserted)
2 ,228 , H-Energy , C , 1 , 1 , 14/11/2016 00:00:00, 	(21-FEB-2025 15:01:19)	 (Not Inserted)
2 ,228 , H-Energy , C , 2 , 1 , 14/11/2016 00:00:00, 	(21-FEB-2025 15:01:19)	 (Not Inserted)
2 ,160 , SIMPL , C , 1 , 1 , 14/11/2016 00:00:00, 	(21-FEB-2025 15:01:19)	 (Not Inserted)
2 ,160 , SIMPL , C , 2 , 1 , 14/11/2016 00:00:00, 	(21-FEB-2025 15:01:19)	 (Not Inserted)
2 ,19 , ATGL , C , 2 , 1 , 11/10/2022 00:00:00, 	(21-FEB-2025 15:01:19)	 (Not Inserted)
2 , , ESIL , C , 1 , 1 , 26/08/2006 00:00:00, 	(21-FEB-2025 15:01:19)	 (Not Inserted)
2 ,20 , AMNS , C , 1 , 1 , 26/08/2006 00:00:00, 	(21-FEB-2025 15:01:19)	 (Not Inserted)
2 ,20 , AMNS , C , 1 , 1 , 26/08/2006 00:00:00, 	(21-FEB-2025 15:01:19)	 (Not Inserted)
2 ,20 , AMNS , C , 2 , 1 , 26/08/2006 00:00:00, 	(21-FEB-2025 15:01:19)	 (Not Inserted)
2 ,20 , AMNS , C , 1 , 3 , 26/08/2006 00:00:00, 	(21-FEB-2025 15:01:19)	 (Not Inserted)
2 ,20 , AMNS , C , 4 , 3 , 26/08/2006 00:00:00, 	(21-FEB-2025 15:01:19)	 (Not Inserted)
2 ,20 , AMNS , C , 5 , 2 , 26/08/2006 00:00:00, 	(21-FEB-2025 15:01:19)	 (Not Inserted)
2 , , SEMTPL , C , 7 , 3 , 28/07/2017 00:00:00, 	(21-FEB-2025 15:01:19)	 (Not Inserted)
2 , , SEMTPL , C , 6 , 3 , 28/07/2017 00:00:00, 	(21-FEB-2025 15:01:19)	 (Not Inserted)
2 , , SEMTPL , C , 6 , 3 , 28/07/2017 00:00:00, 	(21-FEB-2025 15:01:19)	 (Not Inserted)
2 , , SEMTPL , C , 4 , 3 , 28/07/2017 00:00:00, 	(21-FEB-2025 15:01:19)	 (Not Inserted)
2 , , SEMTPL , C , 1 , 1 , 28/07/2017 00:00:00, 	(21-FEB-2025 15:01:19)	 (Not Inserted)
2 , , SEMTPL , C , 5 , 1 , 28/07/2017 00:00:00, 	(21-FEB-2025 15:01:19)	 (Not Inserted)
2 , , SEMTPL , C , 4 , 3 , 28/07/2017 00:00:00, 	(21-FEB-2025 15:01:19)	 (Not Inserted)
2 , , SEMTPL , C , 3 , 1 , 28/07/2017 00:00:00, 	(21-FEB-2025 15:01:19)	 (Not Inserted)
2 , , SEMTPL , C , 2 , 1 , 28/07/2017 00:00:00, 	(21-FEB-2025 15:01:19)	 (Not Inserted)
2 , , SEMTPL , C , 8 , 1 , 28/07/2017 00:00:00, 	(21-FEB-2025 15:01:19)	 (Not Inserted)
2 , , SEMTPL , C , 10 , 1 , 28/07/2017 00:00:00, 	(21-FEB-2025 15:01:19)	 (Not Inserted)
2 , , SEMTPL , C , 9 , 3 , 28/07/2017 00:00:00, 	(21-FEB-2025 15:01:19)	 (Not Inserted)
2 ,21 , SGIPL , C , 2 , 1 , 28/11/2017 00:00:00, 	(21-FEB-2025 15:01:19)	 (Not Inserted)
2 ,21 , SGIPL , C , 1 , 1 , 28/11/2017 00:00:00, 	(21-FEB-2025 15:01:19)	 (Not Inserted)
2 ,21 , SGIPL , C , 6 , 3 , 28/11/2017 00:00:00, 	(21-FEB-2025 15:01:19)	 (Not Inserted)
2 ,21 , SGIPL , C , 5 , 1 , 28/11/2017 00:00:00, 	(21-FEB-2025 15:01:19)	 (Not Inserted)
2 ,21 , SGIPL , C , 3 , 1 , 28/11/2017 00:00:00, 	(21-FEB-2025 15:01:19)	 (Not Inserted)
2 ,21 , SGIPL , C , 1 , 1 , 28/11/2017 00:00:00, 	(21-FEB-2025 15:01:19)	 (Not Inserted)
2 ,21 , SGIPL , C , 1 , 1 , 28/11/2017 00:00:00, 	(21-FEB-2025 15:01:19)	 (Not Inserted)
2 ,22 , VGL , C , 2 , 1 , 03/07/2019 00:00:00, 	(21-FEB-2025 15:01:19)	 (Not Inserted)
2 ,22 , VGL , C , 3 , 1 , 03/07/2019 00:00:00, 	(21-FEB-2025 15:01:19)	 (Not Inserted)
2 ,22 , VGL , C , 1 , 1 , 03/07/2019 00:00:00, 	(21-FEB-2025 15:01:19)	 (Not Inserted)
2 ,23 , PGPGPL , C , 2 , 1 , 28/04/2021 00:00:00, 	(21-FEB-2025 15:01:19)	 (Not Inserted)
2 ,23 , PGPGPL , C , 3 , 3 , 28/04/2021 00:00:00, 	(21-FEB-2025 15:01:19)	 (Not Inserted)
2 ,23 , PGPGPL , C , 1 , 1 , 28/04/2021 00:00:00, 	(21-FEB-2025 15:01:19)	 (Not Inserted)
2 ,24 , HCG , C , 1 , 1 , 02/12/2019 00:00:00, 	(21-FEB-2025 15:01:19)	 (Not Inserted)
2 ,25 , GGL , C , 2 , 1 , 09/12/2019 00:00:00, 	(21-FEB-2025 15:01:19)	 (Not Inserted)
2 ,25 , GGL , C , 3 , 3 , 09/12/2019 00:00:00, 	(21-FEB-2025 15:01:19)	 (Not Inserted)
2 ,25 , GGL , C , 1 , 1 , 09/12/2019 00:00:00, 	(21-FEB-2025 15:01:19)	 (Not Inserted)
2 ,26 , CFC , C , 3 , 1 , 01/01/2020 00:00:00, 	(21-FEB-2025 15:01:19)	 (Not Inserted)
2 ,26 , CFC , C , 2 , 1 , 01/01/2020 00:00:00, 	(21-FEB-2025 15:01:19)	 (Not Inserted)
2 ,26 , CFC , C , 1 , 1 , 01/01/2020 00:00:00, 	(21-FEB-2025 15:01:19)	 (Not Inserted)
2 ,27 , IFFCO , C , 1 , 1 , 01/01/2020 00:00:00, 	(21-FEB-2025 15:01:19)	 (Not Inserted)
2 ,27 , IFFCO , C , 2 , 1 , 01/01/2020 00:00:00, 	(21-FEB-2025 15:01:19)	 (Not Inserted)
2 ,27 , IFFCO , C , 3 , 1 , 01/01/2020 00:00:00, 	(21-FEB-2025 15:01:19)	 (Not Inserted)
2 ,28 , HGL-RLNG , C , 1 , 1 , 01/02/2020 00:00:00, 	(21-FEB-2025 15:01:19)	 (Not Inserted)
2 ,29 , PipeInfra , C , 1 , 1 , 01/01/2020 00:00:00, 	(21-FEB-2025 15:01:19)	 (Not Inserted)
2 ,29 , PipeInfra , C , 2 , 1 , 01/01/2020 00:00:00, 	(21-FEB-2025 15:01:19)	 (Not Inserted)
2 ,29 , PipeInfra , C , 3 , 1 , 01/01/2020 00:00:00, 	(21-FEB-2025 15:01:19)	 (Not Inserted)
2 ,29 , PipeInfra , C , 4 , 1 , 01/01/2020 00:00:00, 	(21-FEB-2025 15:01:19)	 (Not Inserted)
2 ,29 , PipeInfra , C , 5 , 1 , 01/01/2020 00:00:00, 	(21-FEB-2025 15:01:19)	 (Not Inserted)
2 ,29 , PipeInfra , C , 11 , 1 , 01/01/2020 00:00:00, 	(21-FEB-2025 15:01:19)	 (Not Inserted)
2 ,29 , PipeInfra , C , 7 , 1 , 01/01/2020 00:00:00, 	(21-FEB-2025 15:01:19)	 (Not Inserted)
2 ,29 , PipeInfra , C , 8 , 1 , 01/01/2020 00:00:00, 	(21-FEB-2025 15:01:19)	 (Not Inserted)
2 ,29 , PipeInfra , C , 9 , 1 , 01/01/2020 00:00:00, 	(21-FEB-2025 15:01:19)	 (Not Inserted)
2 ,29 , PipeInfra , C , 10 , 1 , 01/01/2020 00:00:00, 	(21-FEB-2025 15:01:19)	 (Not Inserted)
2 ,29 , PipeInfra , C , 6 , 1 , 01/01/2020 00:00:00, 	(21-FEB-2025 15:01:19)	 (Not Inserted)
2 ,30 , NFL , C , 2 , 1 , 01/05/2020 00:00:00, 	(21-FEB-2025 15:01:19)	 (Not Inserted)
2 ,30 , NFL , C , 3 , 1 , 01/05/2020 00:00:00, 	(21-FEB-2025 15:01:19)	 (Not Inserted)
2 ,30 , NFL , C , 1 , 1 , 01/05/2020 00:00:00, 	(21-FEB-2025 15:01:19)	 (Not Inserted)
2 ,31 , HSIL , C , 1 , 3 , 01/05/2020 00:00:00, 	(21-FEB-2025 15:01:19)	 (Not Inserted)
2 ,31 , HSIL , C , 1 , 1 , 01/05/2020 00:00:00, 	(21-FEB-2025 15:01:19)	 (Not Inserted)
2 ,31 , HSIL , C , 1 , 2 , 01/05/2020 00:00:00, 	(21-FEB-2025 15:01:19)	 (Not Inserted)
2 , , VVF , C , 3 , 1 , 01/05/2020 00:00:00, 	(21-FEB-2025 15:01:19)	 (Not Inserted)
2 ,32 , KFL , C , 2 , 1 , 23/07/2020 00:00:00, 	(21-FEB-2025 15:01:19)	 (Not Inserted)
2 ,32 , KFL , C , 1 , 1 , 23/07/2020 00:00:00, 	(21-FEB-2025 15:01:19)	 (Not Inserted)
2 ,197 , BIL , C , 1 , 1 , 25/06/2020 00:00:00, 	(21-FEB-2025 15:01:19)	 (Not Inserted)
2 ,254 , RIPL , C , 1 , 1 , 19/11/2020 00:00:00, 	(21-FEB-2025 15:01:19)	 (Not Inserted)
2 ,207 , CP , C , 1 , 1 , 15/10/2020 00:00:00, 	(21-FEB-2025 15:01:19)	 (Not Inserted)
2 ,207 , CP , C , 1 , 1 , 15/10/2020 00:00:00, 	(21-FEB-2025 15:01:19)	 (Not Inserted)
2 , , HHFGPL , C , 1 , 1 , 26/10/2020 00:00:00, 	(21-FEB-2025 15:01:19)	 (Not Inserted)
2 ,187 , VIDUWIL , C , 1 , 1 , 01/01/2021 00:00:00, 	(21-FEB-2025 15:01:19)	 (Not Inserted)
2 ,33 , AGP CGD , C , 2 , 1 , 25/01/2021 00:00:00, 	(21-FEB-2025 15:01:19)	 (Not Inserted)
2 ,33 , AGP CGD , C , 1 , 1 , 25/01/2021 00:00:00, 	(21-FEB-2025 15:01:19)	 (Not Inserted)
2 ,34 , MINDA , C , 2 , 1 , 29/01/2021 00:00:00, 	(21-FEB-2025 15:01:19)	 (Not Inserted)
2 ,34 , MINDA , C , 2 , 3 , 29/01/2021 00:00:00, 	(21-FEB-2025 15:01:19)	 (Not Inserted)
2 ,34 , MINDA , C , 1 , 1 , 29/01/2021 00:00:00, 	(21-FEB-2025 15:01:19)	 (Not Inserted)
2 ,238 , LEIPL , C , 1 , 1 , 04/11/2020 00:00:00, 	(21-FEB-2025 15:01:19)	 (Not Inserted)
2 ,35 , SCHOTT , C , 1 , 1 , 24/02/2020 00:00:00, 	(21-FEB-2025 15:01:19)	 (Not Inserted)
2 ,36 , HIL , C , 4 , 3 , 01/01/2021 00:00:00, 	(21-FEB-2025 15:01:19)	 (Not Inserted)
2 ,36 , HIL , C , 3 , 1 , 01/01/2021 00:00:00, 	(21-FEB-2025 15:01:19)	 (Not Inserted)
2 ,36 , HIL , C , 2 , 1 , 01/01/2021 00:00:00, 	(21-FEB-2025 15:01:19)	 (Not Inserted)
2 ,36 , HIL , C , 1 , 1 , 01/01/2021 00:00:00, 	(21-FEB-2025 15:01:19)	 (Not Inserted)
2 ,37 , HCGD-B , C , 1 , 1 , 01/04/2021 00:00:00, 	(21-FEB-2025 15:01:19)	 (Not Inserted)
2 ,198 , BIPL , C , 2 , 1 , 21/07/2020 00:00:00, 	(21-FEB-2025 15:01:19)	 (Not Inserted)
2 ,198 , BIPL , C , 1 , 1 , 21/07/2020 00:00:00, 	(21-FEB-2025 15:01:19)	 (Not Inserted)
2 ,220 , EXXARO , C , 1 , 1 , 23/06/2021 00:00:00, 	(21-FEB-2025 15:01:19)	 (Not Inserted)
2 ,38 , KAJARIA , C , 2 , 3 , 30/11/2020 00:00:00, 	(21-FEB-2025 15:01:19)	 (Not Inserted)
2 ,38 , KAJARIA , C , 1 , 1 , 30/11/2020 00:00:00, 	(21-FEB-2025 15:01:19)	 (Not Inserted)
2 ,39 , SISECAM , C , 1 , 1 , 09/06/2021 00:00:00, 	(21-FEB-2025 15:01:19)	 (Not Inserted)
2 ,39 , SISECAM , C , 1 , 1 , 09/06/2021 00:00:00, 	(21-FEB-2025 15:01:19)	 (Not Inserted)
2 ,40 , ATPL , C , 2 , 3 , 17/12/2020 00:00:00, 	(21-FEB-2025 15:01:19)	 (Not Inserted)
2 ,40 , ATPL , C , 1 , 1 , 17/12/2020 00:00:00, 	(21-FEB-2025 15:01:19)	 (Not Inserted)
2 ,41 , OPAL , C , 1 , 3 , 28/07/2021 00:00:00, 	(21-FEB-2025 15:01:19)	 (Not Inserted)
2 ,41 , OPAL , C , 1 , 1 , 28/07/2021 00:00:00, 	(21-FEB-2025 15:01:19)	 (Not Inserted)
2 ,41 , OPAL , C , 1 , 1 , 28/07/2021 00:00:00, 	(21-FEB-2025 15:01:19)	 (Not Inserted)
2 ,234 , JKPAPER , C , 1 , 1 , 02/08/2021 00:00:00, 	(21-FEB-2025 15:01:19)	 (Not Inserted)
2 ,263 , STL , C , 1 , 1 , 25/08/2021 00:00:00, 	(21-FEB-2025 15:01:19)	 (Not Inserted)
2 ,206 , CELLO , C , 1 , 1 , 01/12/2021 00:00:00, 	(21-FEB-2025 15:01:19)	 (Not Inserted)
2 ,42 , RCF , C , 2 , 1 , 30/12/2021 00:00:00, 	(21-FEB-2025 15:01:19)	 (Not Inserted)
2 ,42 , RCF , C , 1 , 1 , 30/12/2021 00:00:00, 	(21-FEB-2025 15:01:19)	 (Not Inserted)
2 ,42 , RCF , C , 2 , 1 , 30/12/2021 00:00:00, 	(21-FEB-2025 15:01:19)	 (Not Inserted)
2 ,42 , RCF , C , 1 , 3 , 30/12/2021 00:00:00, 	(21-FEB-2025 15:01:19)	 (Not Inserted)
2 ,42 , RCF , C , 2 , 3 , 30/12/2021 00:00:00, 	(21-FEB-2025 15:01:19)	 (Not Inserted)
2 ,201 , BWRL , C , 1 , 1 , 25/01/2022 00:00:00, 	(21-FEB-2025 15:01:19)	 (Not Inserted)
2 ,276 , VIRGO , C , 1 , 1 , 12/02/2022 00:00:00, 	(21-FEB-2025 15:01:19)	 (Not Inserted)
2 ,223 , GIPSKARTON , C , 1 , 1 , 24/03/2022 00:00:00, 	(21-FEB-2025 15:01:19)	 (Not Inserted)
2 ,46 , TGLPL , C , 2 , 1 , 29/04/2022 00:00:00, 	(21-FEB-2025 15:01:19)	 (Not Inserted)
2 ,46 , TGLPL , C , 1 , 1 , 29/04/2022 00:00:00, 	(21-FEB-2025 15:01:19)	 (Not Inserted)
2 ,47 , TGBPL , C , 1 , 1 , 29/04/2022 00:00:00, 	(21-FEB-2025 15:01:19)	 (Not Inserted)
2 ,47 , TGBPL , C , 2 , 1 , 29/04/2022 00:00:00, 	(21-FEB-2025 15:01:19)	 (Not Inserted)
2 ,48 , BGEPL , C , 1 , 1 , 29/04/2022 00:00:00, 	(21-FEB-2025 15:01:19)	 (Not Inserted)
2 ,231 , IMCL , C , 1 , 1 , 12/05/2022 00:00:00, 	(21-FEB-2025 15:01:19)	 (Not Inserted)
2 ,49 , VVF India , C , 1 , 1 , 14/05/2022 00:00:00, 	(21-FEB-2025 15:01:19)	 (Not Inserted)
2 ,50 , GNFC , C , 2 , 3 , 24/05/2022 00:00:00, 	(21-FEB-2025 15:01:19)	 (Not Inserted)
2 ,50 , GNFC , C , 1 , 1 , 24/05/2022 00:00:00, 	(21-FEB-2025 15:01:19)	 (Not Inserted)
2 ,50 , GNFC , C , 2 , 1 , 24/05/2022 00:00:00, 	(21-FEB-2025 15:01:19)	 (Not Inserted)
2 ,140 , MEGHHQX , C , 1 , 1 , 02/06/2022 00:00:00, 	(21-FEB-2025 15:01:19)	 (Not Inserted)
2 ,52 , GLIL , C , 1 , 1 , 07/06/2022 00:00:00, 	(21-FEB-2025 15:01:19)	 (Not Inserted)
2 ,52 , GLIL , C , 2 , 1 , 07/06/2022 00:00:00, 	(21-FEB-2025 15:01:19)	 (Not Inserted)
2 ,52 , GLIL , C , 3 , 1 , 07/06/2022 00:00:00, 	(21-FEB-2025 15:01:19)	 (Not Inserted)
2 ,52 , GLIL , C , 7 , 3 , 07/06/2022 00:00:00, 	(21-FEB-2025 15:01:19)	 (Not Inserted)
2 ,52 , GLIL , C , 5 , 3 , 07/06/2022 00:00:00, 	(21-FEB-2025 15:01:19)	 (Not Inserted)
2 ,52 , GLIL , C , 6 , 3 , 07/06/2022 00:00:00, 	(21-FEB-2025 15:01:19)	 (Not Inserted)
2 ,52 , GLIL , C , 4 , 1 , 07/06/2022 00:00:00, 	(21-FEB-2025 15:01:19)	 (Not Inserted)
2 ,255 , SGI-AP , C , 1 , 1 , 27/06/2022 00:00:00, 	(21-FEB-2025 15:01:19)	 (Not Inserted)
2 ,117 , PEPL , C , 2 , 1 , 13/07/2022 00:00:00, 	(21-FEB-2025 15:01:19)	 (Not Inserted)
2 ,117 , PEPL , C , 1 , 1 , 13/07/2022 00:00:00, 	(21-FEB-2025 15:01:19)	 (Not Inserted)
2 ,54 , GFCL , C , 2 , 1 , 14/07/2022 00:00:00, 	(21-FEB-2025 15:01:19)	 (Not Inserted)
2 ,54 , GFCL , C , 1 , 1 , 14/07/2022 00:00:00, 	(21-FEB-2025 15:01:19)	 (Not Inserted)
2 ,55 , CPL , C , 1 , 3 , 16/08/2022 00:00:00, 	(21-FEB-2025 15:01:19)	 (Not Inserted)
2 ,56 , IRM , C , 1 , 1 , 24/08/2022 00:00:00, 	(21-FEB-2025 15:01:19)	 (Not Inserted)
2 ,57 , PPL , C , 1 , 1 , 26/08/2022 00:00:00, 	(21-FEB-2025 15:01:19)	 (Not Inserted)
2 ,57 , PPL , C , 1 , 3 , 26/08/2022 00:00:00, 	(21-FEB-2025 15:01:19)	 (Not Inserted)
2 ,58 , YARALTD , C , 1 , 3 , 06/09/2022 00:00:00, 	(21-FEB-2025 15:01:19)	 (Not Inserted)
2 ,58 , YARALTD , C , 1 , 1 , 06/09/2022 00:00:00, 	(21-FEB-2025 15:01:19)	 (Not Inserted)
2 ,59 , INPEROX , C , 1 , 1 , 13/09/2022 00:00:00, 	(21-FEB-2025 15:01:19)	 (Not Inserted)
2 ,60 , RAFECHL , C , 1 , 3 , 28/09/2022 00:00:00, 	(21-FEB-2025 15:01:19)	 (Not Inserted)
2 ,208 , CNTENKA , C , 1 , 1 , 17/10/2022 00:00:00, 	(21-FEB-2025 15:01:19)	 (Not Inserted)
2 ,227 , HCGPUTE , C , 1 , 1 , 18/11/2022 00:00:00, 	(21-FEB-2025 15:01:19)	 (Not Inserted)
2 ,64 , IGSPL , C , 1 , 3 , 16/12/2022 00:00:00, 	(21-FEB-2025 15:01:19)	 (Not Inserted)
2 ,64 , IGSPL , C , 2 , 1 , 16/12/2022 00:00:00, 	(21-FEB-2025 15:01:19)	 (Not Inserted)
2 ,63 , GOAGLSF , C , 1 , 3 , 25/11/2022 00:00:00, 	(21-FEB-2025 15:01:19)	 (Not Inserted)
2 ,124 , MGRPL , C , 2 , 1 , 07/10/2022 00:00:00, 	(21-FEB-2025 15:01:19)	 (Not Inserted)
2 ,124 , MGRPL , C , 1 , 3 , 07/10/2022 00:00:00, 	(21-FEB-2025 15:01:19)	 (Not Inserted)
2 ,65 , PEFORCV , C , 1 , 3 , 08/12/2022 00:00:00, 	(21-FEB-2025 15:01:19)	 (Not Inserted)
2 ,105 , HMEL , C , 6 , 2 , 04/01/2023 00:00:00, 	(21-FEB-2025 15:01:19)	 (Not Inserted)
2 ,105 , HMEL , C , 5 , 2 , 04/01/2023 00:00:00, 	(21-FEB-2025 15:01:19)	 (Not Inserted)
2 ,105 , HMEL , C , 6 , 2 , 04/01/2023 00:00:00, 	(21-FEB-2025 15:01:19)	 (Not Inserted)
2 ,105 , HMEL , C , 1 , 1 , 04/01/2023 00:00:00, 	(21-FEB-2025 15:01:19)	 (Not Inserted)
2 ,105 , HMEL , C , 4 , 1 , 04/01/2023 00:00:00, 	(21-FEB-2025 15:01:19)	 (Not Inserted)
2 ,105 , HMEL , C , 1 , 1 , 04/01/2023 00:00:00, 	(21-FEB-2025 15:01:19)	 (Not Inserted)
2 ,105 , HMEL , C , 2 , 1 , 04/01/2023 00:00:00, 	(21-FEB-2025 15:01:19)	 (Not Inserted)
2 ,105 , HMEL , C , 3 , 3 , 04/01/2023 00:00:00, 	(21-FEB-2025 15:01:19)	 (Not Inserted)
2 ,105 , HMEL , C , 4 , 3 , 04/01/2023 00:00:00, 	(21-FEB-2025 15:01:19)	 (Not Inserted)
2 ,105 , HMEL , C , 5 , 1 , 04/01/2023 00:00:00, 	(21-FEB-2025 15:01:19)	 (Not Inserted)
2 ,104 , TASTELI , C , 1 , 1 , 30/12/2022 00:00:00, 	(21-FEB-2025 15:01:19)	 (Not Inserted)
2 ,190 , AGPCGIN , C , 2 , 1 , 09/02/2023 00:00:00, 	(21-FEB-2025 15:01:19)	 (Not Inserted)
2 ,190 , AGPCGIN , C , 1 , 1 , 09/02/2023 00:00:00, 	(21-FEB-2025 15:01:19)	 (Not Inserted)
2 ,158 , HINDURV , C , 1 , 1 , 17/11/2022 00:00:00, 	(21-FEB-2025 15:01:19)	 (Not Inserted)
2 ,158 , HINDURV , C , 2 , 1 , 17/11/2022 00:00:00, 	(21-FEB-2025 15:01:19)	 (Not Inserted)
2 , , ESSARRM , C , 1 , 1 , 14/12/2022 00:00:00, 	(21-FEB-2025 15:01:19)	 (Not Inserted)
2 ,188 , VISHPRI , C , 1 , 1 , 14/03/2023 00:00:00, 	(21-FEB-2025 15:01:19)	 (Not Inserted)
2 , , SOMANY , C , 1 , 3 , 16/03/2023 00:00:00, 	(21-FEB-2025 15:01:19)	 (Not Inserted)
2 ,107 , IDOINVA , C , 1 , 1 , 27/01/2023 00:00:00, 	(21-FEB-2025 15:01:19)	 (Not Inserted)
2 ,67 , DCMSHRI , C , 1 , 1 , 13/12/2022 00:00:00, 	(21-FEB-2025 15:01:19)	 (Not Inserted)
2 ,167 , GOLDPFG , C , 1 , 1 , 20/04/2023 00:00:00, 	(21-FEB-2025 15:01:19)	 (Not Inserted)
2 ,277 , VIGASLD , C , 1 , 1 , 18/04/2023 00:00:00, 	(21-FEB-2025 15:01:19)	 (Not Inserted)
2 ,61 , EFSPL , C , 1 , 1 , 25/10/2022 00:00:00, 	(21-FEB-2025 15:01:19)	 (Not Inserted)
2 ,186 , VEDALTD , C , 1 , 1 , 13/04/2023 00:00:00, 	(21-FEB-2025 15:01:19)	 (Not Inserted)
2 ,186 , VEDALTD , C , 1 , 1 , 13/04/2023 00:00:00, 	(21-FEB-2025 15:01:19)	 (Not Inserted)
2 ,122 , GAILGAS , C , 2 , 1 , 01/06/2023 00:00:00, 	(21-FEB-2025 15:01:19)	 (Not Inserted)
2 ,122 , GAILGAS , C , 1 , 1 , 01/06/2023 00:00:00, 	(21-FEB-2025 15:01:19)	 (Not Inserted)
2 ,106 , RATNAGI , C , 1 , 3 , 19/01/2023 00:00:00, 	(21-FEB-2025 15:01:19)	 (Not Inserted)
2 ,106 , RATNAGI , C , 1 , 1 , 19/01/2023 00:00:00, 	(21-FEB-2025 15:01:19)	 (Not Inserted)
2 ,202 , BHOGATD , C , 2 , 1 , 03/04/2023 00:00:00, 	(21-FEB-2025 15:01:19)	 (Not Inserted)
2 ,202 , BHOGATD , C , 1 , 1 , 03/04/2023 00:00:00, 	(21-FEB-2025 15:01:19)	 (Not Inserted)
2 ,151 , KINGASP , C , 2 , 1 , 13/01/2023 00:00:00, 	(21-FEB-2025 15:01:19)	 (Not Inserted)
2 ,151 , KINGASP , C , 1 , 1 , 13/01/2023 00:00:00, 	(21-FEB-2025 15:01:19)	 (Not Inserted)
2 ,278 , SEMTEXP , C , 1 , 3 , 01/04/2023 00:00:00, 	(21-FEB-2025 15:01:19)	 (Not Inserted)
2 ,210 , COMFIND , C , 1 , 1 , 13/12/2022 00:00:00, 	(21-FEB-2025 15:01:19)	 (Not Inserted)
2 ,183 , SUMGLAS , C , 1 , 1 , 27/09/2023 00:00:00, 	(21-FEB-2025 15:01:19)	 (Not Inserted)
2 ,184 , SVTPLIN , C , 1 , 1 , 28/09/2023 00:00:00, 	(21-FEB-2025 15:01:19)	 (Not Inserted)
2 ,162 , BOROREN , C , 1 , 1 , 05/01/2023 00:00:00, 	(21-FEB-2025 15:01:19)	 (Not Inserted)
2 ,123 , AVGL , C , 1 , 1 , 20/12/2023 00:00:00, 	(21-FEB-2025 15:01:19)	 (Not Inserted)
2 ,147 , HPOIGAS , C , 1 , 1 , 14/12/2022 00:00:00, 	(21-FEB-2025 15:01:19)	 (Not Inserted)
2 ,181 , SANENER , C , 1 , 1 , 21/09/2023 00:00:00, 	(21-FEB-2025 15:01:19)	 (Not Inserted)
2 ,121 , NGPL , C , 1 , 1 , 19/01/2024 00:00:00, 	(21-FEB-2025 15:01:19)	 (Not Inserted)
2 ,119 , ROCKIND , C , 1 , 3 , 23/02/2024 00:00:00, 	(21-FEB-2025 15:01:19)	 (Not Inserted)
2 ,174 , KUTCHCL , C , 1 , 1 , 20/06/2023 00:00:00, 	(21-FEB-2025 15:01:19)	 (Not Inserted)
2 ,176 , NESTLIN , C , 1 , 3 , 10/02/2023 00:00:00, 	(21-FEB-2025 15:01:19)	 (Not Inserted)
2 ,118 , LANCOKO , C , 1 , 1 , 05/04/2024 00:00:00, 	(21-FEB-2025 15:01:19)	 (Not Inserted)
2 ,118 , LANCOKO , C , 1 , 1 , 05/04/2024 00:00:00, 	(21-FEB-2025 15:01:19)	 (Not Inserted)
2 ,144 , HINAGIL , C , 1 , 3 , 14/12/2022 00:00:00, 	(21-FEB-2025 15:01:19)	 (Not Inserted)
2 ,66 , BHEL , C , 2 , 3 , 12/12/2022 00:00:00, 	(21-FEB-2025 15:01:19)	 (Not Inserted)
2 ,66 , BHEL , C , 1 , 3 , 12/12/2022 00:00:00, 	(21-FEB-2025 15:01:19)	 (Not Inserted)
2 ,130 , CRMNDEL , C , 1 , 2 , 01/07/2024 00:00:00, 	(21-FEB-2025 15:01:19)	 (Not Inserted)
2 ,130 , CRMNDEL , C , 1 , 2 , 01/07/2024 00:00:00, 	(21-FEB-2025 15:01:19)	 (Not Inserted)
2 , , RIL-D6 , T , 1 , 1 , 01/01/2021 00:00:00, 	(21-FEB-2025 15:01:19)	 (Not Inserted)
2 , , RIL-D6 , T , 2 , 1 , 01/01/2021 00:00:00, 	(21-FEB-2025 15:01:19)	 (Not Inserted)
2 , , RIL-D6 , T , 2 , 1 , 01/01/2021 00:00:00, 	(21-FEB-2025 15:01:19)	 (Not Inserted)
2 ,43 , BP , T , 2 , 2 , 01/01/2021 00:00:00, 	(21-FEB-2025 15:01:19)	 (Not Inserted)
2 ,43 , BP , T , 2 , 2 , 01/01/2021 00:00:00, 	(21-FEB-2025 15:01:19)	 (Not Inserted)
2 ,43 , BP , T , 1 , 1 , 01/01/2021 00:00:00, 	(21-FEB-2025 15:01:19)	 (Not Inserted)
2 , , RIL-CBM , T , 4 , 1 , 25/03/2022 00:00:00, 	(21-FEB-2025 15:01:19)	 (Not Inserted)
2 , , RIL-CBM , T , 5 , 1 , 25/03/2022 00:00:00, 	(21-FEB-2025 15:01:19)	 (Not Inserted)
2 ,51 , ONGC , T , 1 , 1 , 07/06/2022 00:00:00, 	(21-FEB-2025 15:01:19)	 (Not Inserted)
2 ,20 , AMNS , T , 1 , 3 , 26/08/2006 00:00:00, 	(21-FEB-2025 15:01:19)	 (Not Inserted)
2 ,20 , AMNS , T , 2 , 2 , 26/08/2006 00:00:00, 	(21-FEB-2025 15:01:19)	 (Not Inserted)
2 ,20 , AMNS , T , 1 , 1 , 26/08/2006 00:00:00, 	(21-FEB-2025 15:01:19)	 (Not Inserted)
2 ,14 , BPCL , T , 1 , 1 , 24/07/2014 00:00:00, 	(21-FEB-2025 15:01:19)	 (Not Inserted)
2 , , SEMTPL , T , 2 , 1 , 28/07/2017 00:00:00, 	(21-FEB-2025 15:01:19)	 (Not Inserted)
2 , , SEMTPL , T , 4 , 1 , 28/07/2017 00:00:00, 	(21-FEB-2025 15:01:19)	 (Not Inserted)
2 , , SEMTPL , T , 2 , 2 , 28/07/2017 00:00:00, 	(21-FEB-2025 15:01:19)	 (Not Inserted)
2 ,124 , MGRPL , T , 1 , 1 , 07/10/2022 00:00:00, 	(21-FEB-2025 15:01:19)	 (Not Inserted)
2 ,124 , MGRPL , T , 2 , 2 , 07/10/2022 00:00:00, 	(21-FEB-2025 15:01:19)	 (Not Inserted)
2 ,61 , EFSPL , T , 1 , 1 , 25/10/2022 00:00:00, 	(21-FEB-2025 15:01:19)	 (Not Inserted)
2 ,61 , EFSPL , T , 2 , 1 , 25/10/2022 00:00:00, 	(21-FEB-2025 15:01:19)	 (Not Inserted)
2 ,211 , DIL , T , 2 , 2 , 01/01/2023 00:00:00, 	(21-FEB-2025 15:01:19)	 (Not Inserted)
2 ,159 , CAIRENH , T , 1 , 1 , 17/05/2023 00:00:00, 	(21-FEB-2025 15:01:19)	 (Not Inserted)
2 ,186 , VEDALTD , T , 1 , 1 , 13/04/2023 00:00:00, 	(21-FEB-2025 15:01:19)	 (Not Inserted)
2 ,166 , ESSAREX , T , 1 , 1 , 14/12/2022 00:00:00, 	(21-FEB-2025 15:01:19)	 (Not Inserted)
2 ,64 , IGSPL , T , 2 , 1 , 16/12/2022 00:00:00, 	(21-FEB-2025 15:01:19)	 (Not Inserted)
2 ,81 , HOECLTD , T , 1 , 1 , 14/12/2022 00:00:00, 	(21-FEB-2025 15:01:19)	 (Not Inserted)
2 ,181 , SANENER , T , 1 , 1 , 21/09/2023 00:00:00, 	(21-FEB-2025 15:01:19)	 (Not Inserted)

TOTAL DATA IN EXCEL : ,300,,,,,, 	(21-FEB-2025 15:01:19)
 

TOTAL DATA INSERTED : ,0,,,,,, 	(21-FEB-2025 15:01:19)
 

TOTAL SKIPPED DATA ,300,,,,,, 	(21-FEB-2025 15:01:19)
 
<<END>>,<<FMS_ENTITY_TAX_STRUCT_DTL>>,,,,,, 	(21-FEB-2025 15:01:19)
 

<<START>>,<<FMS_ENTITY_SERVICE_TAX_DTL>>,,,,,,, 	(21-FEB-2025 15:01:19)
 
COMPANY_CD,CD,ABBR,ENTITY,PLANT_SEQ_NO,INVOICE_TYPE,EFF_DT,BU_UNIT,TIMESTAMP
2 ,1 , RIL , C , 1 , 0 , 14/09/2008 00:00:00 , 1, 	(21-FEB-2025 15:01:19)	 (Not Inserted)
2 ,1 , RIL , C , 2 , 0 , 14/09/2008 00:00:00 , 1, 	(21-FEB-2025 15:01:19)	 (Not Inserted)
2 ,1 , RIL , C , 3 , 0 , 14/09/2008 00:00:00 , 1, 	(21-FEB-2025 15:01:19)	 (Not Inserted)
2 ,1 , RIL , C , 4 , 0 , 14/09/2008 00:00:00 , 1, 	(21-FEB-2025 15:01:19)	 (Not Inserted)
2 ,1 , RIL , C , 5 , 0 , 14/09/2008 00:00:00 , 1, 	(21-FEB-2025 15:01:19)	 (Not Inserted)
2 ,1 , RIL , C , 7 , 0 , 14/09/2008 00:00:00 , 1, 	(21-FEB-2025 15:01:19)	 (Not Inserted)
2 ,1 , RIL , C , 8 , 0 , 14/09/2008 00:00:00 , 1, 	(21-FEB-2025 15:01:19)	 (Not Inserted)
2 ,1 , RIL , C , 9 , 0 , 14/09/2008 00:00:00 , 1, 	(21-FEB-2025 15:01:19)	 (Not Inserted)
2 ,1 , RIL , C , 10 , 0 , 14/09/2008 00:00:00 , 1, 	(21-FEB-2025 15:01:19)	 (Not Inserted)
2 ,1 , RIL , C , 1 , 0 , 14/09/2008 00:00:00 , 1, 	(21-FEB-2025 15:01:19)	 (Not Inserted)
2 ,1 , RIL , C , 2 , 0 , 14/09/2008 00:00:00 , 1, 	(21-FEB-2025 15:01:19)	 (Not Inserted)
2 ,1 , RIL , C , 3 , 0 , 14/09/2008 00:00:00 , 1, 	(21-FEB-2025 15:01:19)	 (Not Inserted)
2 ,1 , RIL , C , 4 , 0 , 14/09/2008 00:00:00 , 1, 	(21-FEB-2025 15:01:19)	 (Not Inserted)
2 ,1 , RIL , C , 5 , 0 , 14/09/2008 00:00:00 , 1, 	(21-FEB-2025 15:01:19)	 (Not Inserted)
2 ,1 , RIL , C , 7 , 0 , 14/09/2008 00:00:00 , 1, 	(21-FEB-2025 15:01:19)	 (Not Inserted)
2 ,1 , RIL , C , 8 , 0 , 14/09/2008 00:00:00 , 1, 	(21-FEB-2025 15:01:19)	 (Not Inserted)
2 ,1 , RIL , C , 9 , 0 , 14/09/2008 00:00:00 , 1, 	(21-FEB-2025 15:01:19)	 (Not Inserted)
2 ,1 , RIL , C , 1 , 0 , 14/09/2008 00:00:00 , 1, 	(21-FEB-2025 15:01:19)	 (Not Inserted)
2 ,1 , RIL , C , 2 , 0 , 14/09/2008 00:00:00 , 1, 	(21-FEB-2025 15:01:19)	 (Not Inserted)
2 ,1 , RIL , C , 3 , 0 , 14/09/2008 00:00:00 , 1, 	(21-FEB-2025 15:01:19)	 (Not Inserted)
2 ,1 , RIL , C , 4 , 0 , 14/09/2008 00:00:00 , 1, 	(21-FEB-2025 15:01:19)	 (Not Inserted)
2 ,1 , RIL , C , 5 , 0 , 14/09/2008 00:00:00 , 1, 	(21-FEB-2025 15:01:19)	 (Not Inserted)
2 ,1 , RIL , C , 7 , 0 , 14/09/2008 00:00:00 , 1, 	(21-FEB-2025 15:01:19)	 (Not Inserted)
2 ,1 , RIL , C , 8 , 0 , 14/09/2008 00:00:00 , 1, 	(21-FEB-2025 15:01:19)	 (Not Inserted)
2 ,1 , RIL , C , 9 , 0 , 14/09/2008 00:00:00 , 1, 	(21-FEB-2025 15:01:19)	 (Not Inserted)
2 ,1 , RIL , C , 10 , 0 , 14/09/2008 00:00:00 , 1, 	(21-FEB-2025 15:01:19)	 (Not Inserted)
2 ,1 , RIL , C , 1 , 0 , 14/09/2008 00:00:00 , 1, 	(21-FEB-2025 15:01:19)	 (Not Inserted)
2 ,1 , RIL , C , 2 , 0 , 14/09/2008 00:00:00 , 1, 	(21-FEB-2025 15:01:19)	 (Not Inserted)
2 ,1 , RIL , C , 3 , 0 , 14/09/2008 00:00:00 , 1, 	(21-FEB-2025 15:01:19)	 (Not Inserted)
2 ,1 , RIL , C , 4 , 0 , 14/09/2008 00:00:00 , 1, 	(21-FEB-2025 15:01:19)	 (Not Inserted)
2 ,1 , RIL , C , 5 , 0 , 14/09/2008 00:00:00 , 1, 	(21-FEB-2025 15:01:19)	 (Not Inserted)
2 ,1 , RIL , C , 7 , 0 , 14/09/2008 00:00:00 , 1, 	(21-FEB-2025 15:01:19)	 (Not Inserted)
2 ,1 , RIL , C , 8 , 0 , 14/09/2008 00:00:00 , 1, 	(21-FEB-2025 15:01:19)	 (Not Inserted)
2 ,1 , RIL , C , 9 , 0 , 14/09/2008 00:00:00 , 1, 	(21-FEB-2025 15:01:19)	 (Not Inserted)
2 ,1 , RIL , C , 10 , 0 , 14/09/2008 00:00:00 , 1, 	(21-FEB-2025 15:01:19)	 (Not Inserted)
2 ,1 , RIL , C , 11 , 0 , 14/09/2008 00:00:00 , 1, 	(21-FEB-2025 15:01:19)	 (Not Inserted)
2 ,1 , RIL , C , 12 , 0 , 14/09/2008 00:00:00 , 1, 	(21-FEB-2025 15:01:19)	 (Not Inserted)
2 ,1 , RIL , C , 13 , 0 , 14/09/2008 00:00:00 , 1, 	(21-FEB-2025 15:01:19)	 (Not Inserted)
2 ,1 , RIL , C , 14 , 0 , 14/09/2008 00:00:00 , 1, 	(21-FEB-2025 15:01:19)	 (Not Inserted)
2 ,1 , RIL , C , 2 , 0 , 14/09/2008 00:00:00 , 1, 	(21-FEB-2025 15:01:19)	 (Not Inserted)
2 ,1 , RIL , C , 3 , 0 , 14/09/2008 00:00:00 , 1, 	(21-FEB-2025 15:01:19)	 (Not Inserted)
2 ,1 , RIL , C , 4 , 0 , 14/09/2008 00:00:00 , 1, 	(21-FEB-2025 15:01:19)	 (Not Inserted)
2 ,1 , RIL , C , 1 , 0 , 14/09/2008 00:00:00 , 1, 	(21-FEB-2025 15:01:19)	 (Not Inserted)
2 ,1 , RIL , C , 5 , 0 , 14/09/2008 00:00:00 , 1, 	(21-FEB-2025 15:01:19)	 (Not Inserted)
2 ,1 , RIL , C , 7 , 0 , 14/09/2008 00:00:00 , 1, 	(21-FEB-2025 15:01:19)	 (Not Inserted)
2 ,1 , RIL , C , 8 , 0 , 14/09/2008 00:00:00 , 1, 	(21-FEB-2025 15:01:19)	 (Not Inserted)
2 ,1 , RIL , C , 9 , 0 , 14/09/2008 00:00:00 , 1, 	(21-FEB-2025 15:01:19)	 (Not Inserted)
2 ,1 , RIL , C , 10 , 0 , 14/09/2008 00:00:00 , 1, 	(21-FEB-2025 15:01:19)	 (Not Inserted)
2 ,3 , GSPCL , C , 1 , 0 , 24/03/2005 00:00:00 , 1, 	(21-FEB-2025 15:01:19)	 (Not Inserted)
2 ,3 , GSPCL , C , 1 , 0 , 24/03/2005 00:00:00 , 1, 	(21-FEB-2025 15:01:19)	 (Not Inserted)
2 ,3 , GSPCL , C , 1 , 0 , 24/03/2005 00:00:00 , 1, 	(21-FEB-2025 15:01:19)	 (Not Inserted)
2 ,3 , GSPCL , C , 1 , 0 , 24/03/2005 00:00:00 , 1, 	(21-FEB-2025 15:01:19)	 (Not Inserted)
2 ,3 , GSPCL , C , 1 , 0 , 24/03/2005 00:00:00 , 1, 	(21-FEB-2025 15:01:19)	 (Not Inserted)
2 ,4 , Gail , C , 1 , 0 , 08/03/2007 00:00:00 , 1, 	(21-FEB-2025 15:01:19)	 (Not Inserted)
2 ,4 , Gail , C , 1 , 0 , 08/03/2007 00:00:00 , 1, 	(21-FEB-2025 15:01:19)	 (Not Inserted)
2 ,4 , Gail , C , 1 , 0 , 08/03/2007 00:00:00 , 1, 	(21-FEB-2025 15:01:19)	 (Not Inserted)
2 ,4 , Gail , C , 5 , 0 , 08/03/2007 00:00:00 , 1, 	(21-FEB-2025 15:01:19)	 (Not Inserted)
2 ,4 , Gail , C , 1 , 0 , 08/03/2007 00:00:00 , 1, 	(21-FEB-2025 15:01:19)	 (Not Inserted)
2 ,4 , Gail , C , 6 , 0 , 08/03/2007 00:00:00 , 1, 	(21-FEB-2025 15:01:19)	 (Not Inserted)
2 ,4 , Gail , C , 1 , 0 , 08/03/2007 00:00:00 , 1, 	(21-FEB-2025 15:01:19)	 (Not Inserted)
2 ,11 , TPL , C , 1 , 0 , 04/08/2012 00:00:00 , 1, 	(21-FEB-2025 15:01:19)	 (Not Inserted)
2 ,11 , TPL , C , 2 , 0 , 04/08/2012 00:00:00 , 1, 	(21-FEB-2025 15:01:19)	 (Not Inserted)
2 ,11 , TPL , C , 1 , 0 , 04/08/2012 00:00:00 , 1, 	(21-FEB-2025 15:01:19)	 (Not Inserted)
2 ,11 , TPL , C , 2 , 0 , 04/08/2012 00:00:00 , 1, 	(21-FEB-2025 15:01:19)	 (Not Inserted)
2 ,11 , TPL , C , 1 , 0 , 04/08/2012 00:00:00 , 1, 	(21-FEB-2025 15:01:19)	 (Not Inserted)
2 ,11 , TPL , C , 1 , 0 , 04/08/2012 00:00:00 , 1, 	(21-FEB-2025 15:01:19)	 (Not Inserted)
2 ,11 , TPL , C , 1 , 0 , 04/08/2012 00:00:00 , 1, 	(21-FEB-2025 15:01:19)	 (Not Inserted)
2 ,11 , TPL , C , 2 , 0 , 04/08/2012 00:00:00 , 1, 	(21-FEB-2025 15:01:19)	 (Not Inserted)
2 ,11 , TPL , C , 2 , 0 , 04/08/2012 00:00:00 , 1, 	(21-FEB-2025 15:01:19)	 (Not Inserted)
2 ,11 , TPL , C , 2 , 0 , 04/08/2012 00:00:00 , 1, 	(21-FEB-2025 15:01:19)	 (Not Inserted)
2 ,15 , HPCL , C , 2 , 0 , 17/11/2010 00:00:00 , 1, 	(21-FEB-2025 15:01:19)	 (Not Inserted)
2 ,15 , HPCL , C , 1 , 0 , 17/11/2010 00:00:00 , 1, 	(21-FEB-2025 15:01:19)	 (Not Inserted)
2 ,20 , AMNS , C , 1 , 0 , 26/08/2006 00:00:00 , 1, 	(21-FEB-2025 15:01:19)	 (Not Inserted)
2 , , ESIL , C , 1 , 0 , 26/08/2006 00:00:00 , 1, 	(21-FEB-2025 15:01:19)	 (Not Inserted)
2 ,20 , AMNS , C , 1 , 0 , 26/08/2006 00:00:00 , 1, 	(21-FEB-2025 15:01:19)	 (Not Inserted)
2 , , SEMTPL , C , 2 , 0 , 28/07/2017 00:00:00 , 1, 	(21-FEB-2025 15:01:19)	 (Not Inserted)
2 ,20 , AMNS , C , 1 , ST , 26/08/2006 00:00:00 , 1, 	(21-FEB-2025 15:01:19)	 (Not Inserted)
2 ,20 , AMNS , C , 1 , LP , 26/08/2006 00:00:00 , 1, 	(21-FEB-2025 15:01:19)	 (Not Inserted)
2 ,20 , AMNS , C , 1 , UG , 26/08/2006 00:00:00 , 1, 	(21-FEB-2025 15:01:19)	 (Not Inserted)
2 ,20 , AMNS , C , 1 , LP , 26/08/2006 00:00:00 , 1, 	(21-FEB-2025 15:01:19)	 (Not Inserted)

TOTAL DATA IN EXCEL : ,80,,,,,,, 	(21-FEB-2025 15:01:19)
 

TOTAL DATA INSERTED : ,0,,,,,,, 	(21-FEB-2025 15:01:19)
 

TOTAL SKIPPED DATA ,80,,,,,,, 	(21-FEB-2025 15:01:19)
 
<<END>>,<<FMS_ENTITY_SERVICE_TAX_DTL>>,,,,,,, 	(21-FEB-2025 15:01:19)
 

<<START>>,<<FMS_ENTITY_BU_SVC_TAX_DTL>>,,,,,,, 	(21-FEB-2025 15:01:19)
 
COMPANY_CD,CD,ABBR,ENTITY,PLANT_SEQ_NO,INVOICE_TYPE,BU_UNIT,EFF_DT,TIMESTAMP
2 , , JMB , H , 1 , 0 , 1 , 09/12/2010 00:00:00, 	(21-FEB-2025 15:01:19)	 (Not Inserted)
2 , , JMB , H , 1 , 0 , 1 , 09/12/2010 00:00:00, 	(21-FEB-2025 15:01:19)	 (Not Inserted)
2 , , BOXCO , H , 1 , 0 , 1 , 03/09/2014 00:00:00, 	(21-FEB-2025 15:01:19)	 (Not Inserted)
2 ,232 , JBB , S , 1 , 0 , 1 , 15/11/2010 00:00:00, 	(21-FEB-2025 15:01:19)	 (Not Inserted)
2 ,232 , JBB , S , 1 , 0 , 1 , 15/11/2010 00:00:00, 	(21-FEB-2025 15:01:19)	 (Not Inserted)
2 ,232 , JBB , S , 1 , 0 , 1 , 22/05/2012 00:00:00, 	(21-FEB-2025 15:01:19)	 (Not Inserted)
2 ,264 , SSAPL , S , 1 , 0 , 1 , 26/04/2013 00:00:00, 	(21-FEB-2025 15:01:19)	 (Not Inserted)
2 ,265 , SLPL , H , 1 , 0 , 1 , 24/06/2016 00:00:00, 	(21-FEB-2025 15:01:19)	 (Not Inserted)

TOTAL DATA IN EXCEL : ,8,,,,,,, 	(21-FEB-2025 15:01:19)
 

TOTAL DATA INSERTED : ,0,,,,,,, 	(21-FEB-2025 15:01:19)
 

TOTAL SKIPPED DATA ,8,,,,,,, 	(21-FEB-2025 15:01:19)
 
<<END>>,<<FMS_ENTITY_BU_SVC_TAX_DTL>>,,,,,,, 	(21-FEB-2025 15:01:19)
 

<<START>>,<<FMS_CUSTOM_TAX_STRUCT_DTL>>,,, 	(21-FEB-2025 15:01:19)
 
COMPANY_CD,TAX_STRUCT_CD,TAX_STRUCT_DTL,EFF_DT,TIMESTAMP
2 , ,  , 09/07/2004 00:00:00, 	(21-FEB-2025 15:01:19)	 (Not Inserted)
2 , ,  , 01/03/2007 00:00:00, 	(21-FEB-2025 15:01:19)	 (Not Inserted)
2 , ,  , 02/02/2018 00:00:00, 	(21-FEB-2025 15:01:19)	 (Not Inserted)

TOTAL DATA IN EXCEL : ,3,,, 	(21-FEB-2025 15:01:19)
 

TOTAL DATA INSERTED : ,0,,, 	(21-FEB-2025 15:01:19)
 

TOTAL SKIPPED DATA ,3,,, 	(21-FEB-2025 15:01:19)
 
<<END>>,<<FMS_CUSTOM_TAX_STRUCT_DTL>>,,, 	(21-FEB-2025 15:01:19)
 

<<START>>,<<FMS_HOLIDAY_DTL>>, 	(21-FEB-2025 15:01:19)
 
HOLIDAY_DT,HOLIDAY_NM,TIMESTAMP,
16/02/2025 00:00:00 , SUNDAY, 	(21-FEB-2025 15:01:19)
**********AutomationEMS Error  (21-FEB-2025 15:01:19) **********
java.sql.SQLIntegrityConstraintViolationException: ORA-01400: cannot insert NULL into ("EMS"."FMS_HOLIDAY_DTL"."STATE_TIN")


com.etrm.fms.migration.Master_SEIPL_Data_Reader.FMS_HOLIDAY_DTL(Master_SEIPL_Data_Reader.java:6696)
com.etrm.fms.migration.Master_SEIPL_Data_Reader.init(Master_SEIPL_Data_Reader.java:233)
**************************************************

<<FUNCTION FMS_HOLIDAY_DTL() ENDED WITH ERRORS>>


<<START>>,<<FMS_ENTITY_TAX_STRUCT_DTL>>,,,,,, 	(21-FEB-2025 15:01:31)
 
COMPANY_CD,CD,ABBR,ENTITY,PLANT_SEQ_NO,BU_UNIT,EFF_DT,TIMESTAMP
2 ,1 , RIL , C , 6 , 1 , 14/09/2008 00:00:00, 	(21-FEB-2025 15:01:31)	 (Not Inserted)
2 ,1 , RIL , C , 8 , 1 , 14/09/2008 00:00:00, 	(21-FEB-2025 15:01:31)	 (Not Inserted)
2 ,1 , RIL , C , 15 , 1 , 14/09/2008 00:00:00, 	(21-FEB-2025 15:01:31)	 (Not Inserted)
2 ,1 , RIL , C , 16 , 1 , 14/09/2008 00:00:00, 	(21-FEB-2025 15:01:31)	 (Not Inserted)
2 ,1 , RIL , C , 17 , 1 , 14/09/2008 00:00:00, 	(21-FEB-2025 15:01:31)	 (Not Inserted)
2 ,1 , RIL , C , 18 , 3 , 14/09/2008 00:00:00, 	(21-FEB-2025 15:01:31)	 (Not Inserted)
2 ,1 , RIL , C , 18 , 3 , 14/09/2008 00:00:00, 	(21-FEB-2025 15:01:31)	 (Not Inserted)
2 ,1 , RIL , C , 2 , 1 , 14/09/2008 00:00:00, 	(21-FEB-2025 15:01:31)	 (Not Inserted)
2 ,1 , RIL , C , 3 , 1 , 14/09/2008 00:00:00, 	(21-FEB-2025 15:01:31)	 (Not Inserted)
2 ,1 , RIL , C , 4 , 1 , 14/09/2008 00:00:00, 	(21-FEB-2025 15:01:31)	 (Not Inserted)
2 ,1 , RIL , C , 5 , 1 , 14/09/2008 00:00:00, 	(21-FEB-2025 15:01:31)	 (Not Inserted)
2 ,2 , MGL , C , 1 , 1 , 16/07/2009 00:00:00, 	(21-FEB-2025 15:01:31)	 (Not Inserted)
2 ,2 , MGL , C , 1 , 3 , 16/07/2009 00:00:00, 	(21-FEB-2025 15:01:31)	 (Not Inserted)
2 ,3 , GSPCL , C , 1 , 1 , 24/03/2005 00:00:00, 	(21-FEB-2025 15:01:31)	 (Not Inserted)
2 ,3 , GSPCL , C , 1 , 1 , 24/03/2005 00:00:00, 	(21-FEB-2025 15:01:31)	 (Not Inserted)
2 ,3 , GSPCL , C , 1 , 1 , 24/03/2005 00:00:00, 	(21-FEB-2025 15:01:31)	 (Not Inserted)
2 ,3 , GSPCL , C , 2 , 1 , 24/03/2005 00:00:00, 	(21-FEB-2025 15:01:31)	 (Not Inserted)
2 ,3 , GSPCL , C , 3 , 3 , 24/03/2005 00:00:00, 	(21-FEB-2025 15:01:31)	 (Not Inserted)
2 ,4 , Gail , C , 1 , 1 , 08/03/2007 00:00:00, 	(21-FEB-2025 15:01:31)	 (Not Inserted)
2 ,4 , Gail , C , 1 , 1 , 08/03/2007 00:00:00, 	(21-FEB-2025 15:01:31)	 (Not Inserted)
2 ,4 , Gail , C , 2 , 1 , 08/03/2007 00:00:00, 	(21-FEB-2025 15:01:31)	 (Not Inserted)
2 ,4 , Gail , C , 3 , 3 , 08/03/2007 00:00:00, 	(21-FEB-2025 15:01:31)	 (Not Inserted)
2 ,4 , Gail , C , 4 , 1 , 08/03/2007 00:00:00, 	(21-FEB-2025 15:01:31)	 (Not Inserted)
2 ,4 , Gail , C , 7 , 1 , 08/03/2007 00:00:00, 	(21-FEB-2025 15:01:31)	 (Not Inserted)
2 ,4 , Gail , C , 8 , 1 , 08/03/2007 00:00:00, 	(21-FEB-2025 15:01:31)	 (Not Inserted)
2 ,5 , NTPC , C , 3 , 1 , 01/06/2006 00:00:00, 	(21-FEB-2025 15:01:31)	 (Not Inserted)
2 ,5 , NTPC , C , 4 , 1 , 01/06/2006 00:00:00, 	(21-FEB-2025 15:01:31)	 (Not Inserted)
2 ,5 , NTPC , C , 5 , 1 , 01/06/2006 00:00:00, 	(21-FEB-2025 15:01:31)	 (Not Inserted)
2 ,5 , NTPC , C , 1 , 3 , 01/06/2006 00:00:00, 	(21-FEB-2025 15:01:31)	 (Not Inserted)
2 ,5 , NTPC , C , 2 , 3 , 01/06/2006 00:00:00, 	(21-FEB-2025 15:01:31)	 (Not Inserted)
2 ,5 , NTPC , C , 3 , 3 , 01/06/2006 00:00:00, 	(21-FEB-2025 15:01:31)	 (Not Inserted)
2 ,5 , NTPC , C , 4 , 3 , 01/06/2006 00:00:00, 	(21-FEB-2025 15:01:31)	 (Not Inserted)
2 ,5 , NTPC , C , 5 , 3 , 01/06/2006 00:00:00, 	(21-FEB-2025 15:01:31)	 (Not Inserted)
2 ,5 , NTPC , C , 6 , 3 , 01/06/2006 00:00:00, 	(21-FEB-2025 15:01:31)	 (Not Inserted)
2 ,5 , NTPC , C , 6 , 3 , 01/06/2006 00:00:00, 	(21-FEB-2025 15:01:31)	 (Not Inserted)
2 ,5 , NTPC , C , 2 , 1 , 01/06/2006 00:00:00, 	(21-FEB-2025 15:01:31)	 (Not Inserted)
2 ,5 , NTPC , C , 6 , 1 , 01/06/2006 00:00:00, 	(21-FEB-2025 15:01:31)	 (Not Inserted)
2 , , Kribhco , C , 1 , 1 , 05/12/2007 00:00:00, 	(21-FEB-2025 15:01:31)	 (Not Inserted)
2 ,6 , KRIBHCO , C , 1 , 3 , 05/12/2007 00:00:00, 	(21-FEB-2025 15:01:31)	 (Not Inserted)
2 ,6 , KRIBHCO , C , 1 , 1 , 05/12/2007 00:00:00, 	(21-FEB-2025 15:01:31)	 (Not Inserted)
2 ,7 , DFPCL , C , 1 , 3 , 03/12/2007 00:00:00, 	(21-FEB-2025 15:01:31)	 (Not Inserted)
2 ,9 , SIGIL , C , 1 , 1 , 01/04/2009 00:00:00, 	(21-FEB-2025 15:01:31)	 (Not Inserted)
2 ,10 , GGCL , C , 1 , 1 , 11/05/2012 00:00:00, 	(21-FEB-2025 15:01:31)	 (Not Inserted)
2 ,11 , TPL , C , 1 , 1 , 04/08/2012 00:00:00, 	(21-FEB-2025 15:01:31)	 (Not Inserted)
2 ,11 , TPL , C , 1 , 1 , 04/08/2012 00:00:00, 	(21-FEB-2025 15:01:31)	 (Not Inserted)
2 ,280 , WMSL , C , 1 , 1 , 31/05/2011 00:00:00, 	(21-FEB-2025 15:01:31)	 (Not Inserted)
2 ,12 , MNGL , C , 1 , 1 , 20/06/2013 00:00:00, 	(21-FEB-2025 15:01:31)	 (Not Inserted)
2 ,13 , IGL , C , 1 , 1 , 04/02/2011 00:00:00, 	(21-FEB-2025 15:01:31)	 (Not Inserted)
2 ,13 , IGL , C , 2 , 1 , 04/02/2011 00:00:00, 	(21-FEB-2025 15:01:31)	 (Not Inserted)
2 ,13 , IGL , C , 3 , 1 , 04/02/2011 00:00:00, 	(21-FEB-2025 15:01:31)	 (Not Inserted)
2 ,13 , IGL , C , 4 , 1 , 04/02/2011 00:00:00, 	(21-FEB-2025 15:01:31)	 (Not Inserted)
2 ,13 , IGL , C , 5 , 1 , 04/02/2011 00:00:00, 	(21-FEB-2025 15:01:31)	 (Not Inserted)
2 ,13 , IGL , C , 6 , 1 , 04/02/2011 00:00:00, 	(21-FEB-2025 15:01:31)	 (Not Inserted)
2 ,13 , IGL , C , 1 , 3 , 04/02/2011 00:00:00, 	(21-FEB-2025 15:01:31)	 (Not Inserted)
2 ,14 , BPCL , C , 1 , 1 , 24/07/2014 00:00:00, 	(21-FEB-2025 15:01:31)	 (Not Inserted)
2 ,14 , BPCL , C , 3 , 3 , 24/07/2014 00:00:00, 	(21-FEB-2025 15:01:31)	 (Not Inserted)
2 ,14 , BPCL , C , 2 , 1 , 24/07/2014 00:00:00, 	(21-FEB-2025 15:01:31)	 (Not Inserted)
2 ,14 , BPCL , C , 1 , 1 , 24/07/2014 00:00:00, 	(21-FEB-2025 15:01:31)	 (Not Inserted)
2 ,14 , BPCL , C , 3 , 3 , 24/07/2014 00:00:00, 	(21-FEB-2025 15:01:31)	 (Not Inserted)
2 ,14 , BPCL , C , 4 , 3 , 24/07/2014 00:00:00, 	(21-FEB-2025 15:01:31)	 (Not Inserted)
2 ,269 , TEL , C , 1 , 1 , 06/08/2014 00:00:00, 	(21-FEB-2025 15:01:31)	 (Not Inserted)
2 ,15 , HPCL , C , 2 , 1 , 17/11/2010 00:00:00, 	(21-FEB-2025 15:01:31)	 (Not Inserted)
2 ,15 , HPCL , C , 3 , 3 , 17/11/2010 00:00:00, 	(21-FEB-2025 15:01:31)	 (Not Inserted)
2 ,15 , HPCL , C , 1 , 1 , 17/11/2010 00:00:00, 	(21-FEB-2025 15:01:31)	 (Not Inserted)
2 ,15 , HPCL , C , 2 , 1 , 17/11/2010 00:00:00, 	(21-FEB-2025 15:01:31)	 (Not Inserted)
2 ,15 , HPCL , C , 3 , 3 , 17/11/2010 00:00:00, 	(21-FEB-2025 15:01:31)	 (Not Inserted)
2 ,15 , HPCL , C , 4 , 1 , 17/11/2010 00:00:00, 	(21-FEB-2025 15:01:31)	 (Not Inserted)
2 ,15 , HPCL , C , 5 , 1 , 17/11/2010 00:00:00, 	(21-FEB-2025 15:01:31)	 (Not Inserted)
2 , , JSW-Salav , C , 1 , 1 , 25/11/2014 00:00:00, 	(21-FEB-2025 15:01:31)	 (Not Inserted)
2 ,17 , BGL , C , 1 , 1 , 28/07/2016 00:00:00, 	(21-FEB-2025 15:01:31)	 (Not Inserted)
2 ,18 , GSFC , C , 1 , 1 , 14/03/2016 00:00:00, 	(21-FEB-2025 15:01:31)	 (Not Inserted)
2 ,18 , GSFC , C , 1 , 1 , 14/03/2016 00:00:00, 	(21-FEB-2025 15:01:31)	 (Not Inserted)
2 ,18 , GSFC , C , 2 , 1 , 14/03/2016 00:00:00, 	(21-FEB-2025 15:01:31)	 (Not Inserted)
2 ,228 , H-Energy , C , 1 , 1 , 14/11/2016 00:00:00, 	(21-FEB-2025 15:01:31)	 (Not Inserted)
2 ,228 , H-Energy , C , 2 , 1 , 14/11/2016 00:00:00, 	(21-FEB-2025 15:01:31)	 (Not Inserted)
2 ,160 , SIMPL , C , 1 , 1 , 14/11/2016 00:00:00, 	(21-FEB-2025 15:01:31)	 (Not Inserted)
2 ,160 , SIMPL , C , 2 , 1 , 14/11/2016 00:00:00, 	(21-FEB-2025 15:01:31)	 (Not Inserted)
2 ,19 , ATGL , C , 2 , 1 , 11/10/2022 00:00:00, 	(21-FEB-2025 15:01:31)	 (Not Inserted)
2 , , ESIL , C , 1 , 1 , 26/08/2006 00:00:00, 	(21-FEB-2025 15:01:31)	 (Not Inserted)
2 ,20 , AMNS , C , 1 , 1 , 26/08/2006 00:00:00, 	(21-FEB-2025 15:01:31)	 (Not Inserted)
2 ,20 , AMNS , C , 1 , 1 , 26/08/2006 00:00:00, 	(21-FEB-2025 15:01:31)	 (Not Inserted)
2 ,20 , AMNS , C , 2 , 1 , 26/08/2006 00:00:00, 	(21-FEB-2025 15:01:31)	 (Not Inserted)
2 ,20 , AMNS , C , 1 , 3 , 26/08/2006 00:00:00, 	(21-FEB-2025 15:01:31)	 (Not Inserted)
2 ,20 , AMNS , C , 4 , 3 , 26/08/2006 00:00:00, 	(21-FEB-2025 15:01:31)	 (Not Inserted)
2 ,20 , AMNS , C , 5 , 2 , 26/08/2006 00:00:00, 	(21-FEB-2025 15:01:31)	 (Not Inserted)
2 , , SEMTPL , C , 7 , 3 , 28/07/2017 00:00:00, 	(21-FEB-2025 15:01:31)	 (Not Inserted)
2 , , SEMTPL , C , 6 , 3 , 28/07/2017 00:00:00, 	(21-FEB-2025 15:01:31)	 (Not Inserted)
2 , , SEMTPL , C , 6 , 3 , 28/07/2017 00:00:00, 	(21-FEB-2025 15:01:31)	 (Not Inserted)
2 , , SEMTPL , C , 4 , 3 , 28/07/2017 00:00:00, 	(21-FEB-2025 15:01:31)	 (Not Inserted)
2 , , SEMTPL , C , 1 , 1 , 28/07/2017 00:00:00, 	(21-FEB-2025 15:01:31)	 (Not Inserted)
2 , , SEMTPL , C , 5 , 1 , 28/07/2017 00:00:00, 	(21-FEB-2025 15:01:31)	 (Not Inserted)
2 , , SEMTPL , C , 4 , 3 , 28/07/2017 00:00:00, 	(21-FEB-2025 15:01:31)	 (Not Inserted)
2 , , SEMTPL , C , 3 , 1 , 28/07/2017 00:00:00, 	(21-FEB-2025 15:01:31)	 (Not Inserted)
2 , , SEMTPL , C , 2 , 1 , 28/07/2017 00:00:00, 	(21-FEB-2025 15:01:31)	 (Not Inserted)
2 , , SEMTPL , C , 8 , 1 , 28/07/2017 00:00:00, 	(21-FEB-2025 15:01:31)	 (Not Inserted)
2 , , SEMTPL , C , 10 , 1 , 28/07/2017 00:00:00, 	(21-FEB-2025 15:01:31)	 (Not Inserted)
2 , , SEMTPL , C , 9 , 3 , 28/07/2017 00:00:00, 	(21-FEB-2025 15:01:31)	 (Not Inserted)
2 ,21 , SGIPL , C , 2 , 1 , 28/11/2017 00:00:00, 	(21-FEB-2025 15:01:31)	 (Not Inserted)
2 ,21 , SGIPL , C , 1 , 1 , 28/11/2017 00:00:00, 	(21-FEB-2025 15:01:31)	 (Not Inserted)
2 ,21 , SGIPL , C , 6 , 3 , 28/11/2017 00:00:00, 	(21-FEB-2025 15:01:31)	 (Not Inserted)
2 ,21 , SGIPL , C , 5 , 1 , 28/11/2017 00:00:00, 	(21-FEB-2025 15:01:31)	 (Not Inserted)
2 ,21 , SGIPL , C , 3 , 1 , 28/11/2017 00:00:00, 	(21-FEB-2025 15:01:31)	 (Not Inserted)
2 ,21 , SGIPL , C , 1 , 1 , 28/11/2017 00:00:00, 	(21-FEB-2025 15:01:31)	 (Not Inserted)
2 ,21 , SGIPL , C , 1 , 1 , 28/11/2017 00:00:00, 	(21-FEB-2025 15:01:31)	 (Not Inserted)
2 ,22 , VGL , C , 2 , 1 , 03/07/2019 00:00:00, 	(21-FEB-2025 15:01:31)	 (Not Inserted)
2 ,22 , VGL , C , 3 , 1 , 03/07/2019 00:00:00, 	(21-FEB-2025 15:01:31)	 (Not Inserted)
2 ,22 , VGL , C , 1 , 1 , 03/07/2019 00:00:00, 	(21-FEB-2025 15:01:31)	 (Not Inserted)
2 ,23 , PGPGPL , C , 2 , 1 , 28/04/2021 00:00:00, 	(21-FEB-2025 15:01:31)	 (Not Inserted)
2 ,23 , PGPGPL , C , 3 , 3 , 28/04/2021 00:00:00, 	(21-FEB-2025 15:01:31)	 (Not Inserted)
2 ,23 , PGPGPL , C , 1 , 1 , 28/04/2021 00:00:00, 	(21-FEB-2025 15:01:31)	 (Not Inserted)
2 ,24 , HCG , C , 1 , 1 , 02/12/2019 00:00:00, 	(21-FEB-2025 15:01:31)	 (Not Inserted)
2 ,25 , GGL , C , 2 , 1 , 09/12/2019 00:00:00, 	(21-FEB-2025 15:01:31)	 (Not Inserted)
2 ,25 , GGL , C , 3 , 3 , 09/12/2019 00:00:00, 	(21-FEB-2025 15:01:31)	 (Not Inserted)
2 ,25 , GGL , C , 1 , 1 , 09/12/2019 00:00:00, 	(21-FEB-2025 15:01:31)	 (Not Inserted)
2 ,26 , CFC , C , 3 , 1 , 01/01/2020 00:00:00, 	(21-FEB-2025 15:01:31)	 (Not Inserted)
2 ,26 , CFC , C , 2 , 1 , 01/01/2020 00:00:00, 	(21-FEB-2025 15:01:31)	 (Not Inserted)
2 ,26 , CFC , C , 1 , 1 , 01/01/2020 00:00:00, 	(21-FEB-2025 15:01:31)	 (Not Inserted)
2 ,27 , IFFCO , C , 1 , 1 , 01/01/2020 00:00:00, 	(21-FEB-2025 15:01:31)	 (Not Inserted)
2 ,27 , IFFCO , C , 2 , 1 , 01/01/2020 00:00:00, 	(21-FEB-2025 15:01:31)	 (Not Inserted)
2 ,27 , IFFCO , C , 3 , 1 , 01/01/2020 00:00:00, 	(21-FEB-2025 15:01:31)	 (Not Inserted)
2 ,28 , HGL-RLNG , C , 1 , 1 , 01/02/2020 00:00:00, 	(21-FEB-2025 15:01:31)	 (Not Inserted)
2 ,29 , PipeInfra , C , 1 , 1 , 01/01/2020 00:00:00, 	(21-FEB-2025 15:01:31)	 (Not Inserted)
2 ,29 , PipeInfra , C , 2 , 1 , 01/01/2020 00:00:00, 	(21-FEB-2025 15:01:31)	 (Not Inserted)
2 ,29 , PipeInfra , C , 3 , 1 , 01/01/2020 00:00:00, 	(21-FEB-2025 15:01:31)	 (Not Inserted)
2 ,29 , PipeInfra , C , 4 , 1 , 01/01/2020 00:00:00, 	(21-FEB-2025 15:01:31)	 (Not Inserted)
2 ,29 , PipeInfra , C , 5 , 1 , 01/01/2020 00:00:00, 	(21-FEB-2025 15:01:31)	 (Not Inserted)
2 ,29 , PipeInfra , C , 11 , 1 , 01/01/2020 00:00:00, 	(21-FEB-2025 15:01:31)	 (Not Inserted)
2 ,29 , PipeInfra , C , 7 , 1 , 01/01/2020 00:00:00, 	(21-FEB-2025 15:01:31)	 (Not Inserted)
2 ,29 , PipeInfra , C , 8 , 1 , 01/01/2020 00:00:00, 	(21-FEB-2025 15:01:31)	 (Not Inserted)
2 ,29 , PipeInfra , C , 9 , 1 , 01/01/2020 00:00:00, 	(21-FEB-2025 15:01:31)	 (Not Inserted)
2 ,29 , PipeInfra , C , 10 , 1 , 01/01/2020 00:00:00, 	(21-FEB-2025 15:01:31)	 (Not Inserted)
2 ,29 , PipeInfra , C , 6 , 1 , 01/01/2020 00:00:00, 	(21-FEB-2025 15:01:31)	 (Not Inserted)
2 ,30 , NFL , C , 2 , 1 , 01/05/2020 00:00:00, 	(21-FEB-2025 15:01:31)	 (Not Inserted)
2 ,30 , NFL , C , 3 , 1 , 01/05/2020 00:00:00, 	(21-FEB-2025 15:01:31)	 (Not Inserted)
2 ,30 , NFL , C , 1 , 1 , 01/05/2020 00:00:00, 	(21-FEB-2025 15:01:31)	 (Not Inserted)
2 ,31 , HSIL , C , 1 , 3 , 01/05/2020 00:00:00, 	(21-FEB-2025 15:01:31)	 (Not Inserted)
2 ,31 , HSIL , C , 1 , 1 , 01/05/2020 00:00:00, 	(21-FEB-2025 15:01:31)	 (Not Inserted)
2 ,31 , HSIL , C , 1 , 2 , 01/05/2020 00:00:00, 	(21-FEB-2025 15:01:31)	 (Not Inserted)
2 , , VVF , C , 3 , 1 , 01/05/2020 00:00:00, 	(21-FEB-2025 15:01:31)	 (Not Inserted)
2 ,32 , KFL , C , 2 , 1 , 23/07/2020 00:00:00, 	(21-FEB-2025 15:01:31)	 (Not Inserted)
2 ,32 , KFL , C , 1 , 1 , 23/07/2020 00:00:00, 	(21-FEB-2025 15:01:31)	 (Not Inserted)
2 ,197 , BIL , C , 1 , 1 , 25/06/2020 00:00:00, 	(21-FEB-2025 15:01:31)	 (Not Inserted)
2 ,254 , RIPL , C , 1 , 1 , 19/11/2020 00:00:00, 	(21-FEB-2025 15:01:31)	 (Not Inserted)
2 ,207 , CP , C , 1 , 1 , 15/10/2020 00:00:00, 	(21-FEB-2025 15:01:31)	 (Not Inserted)
2 ,207 , CP , C , 1 , 1 , 15/10/2020 00:00:00, 	(21-FEB-2025 15:01:31)	 (Not Inserted)
2 , , HHFGPL , C , 1 , 1 , 26/10/2020 00:00:00, 	(21-FEB-2025 15:01:31)	 (Not Inserted)
2 ,187 , VIDUWIL , C , 1 , 1 , 01/01/2021 00:00:00, 	(21-FEB-2025 15:01:31)	 (Not Inserted)
2 ,33 , AGP CGD , C , 2 , 1 , 25/01/2021 00:00:00, 	(21-FEB-2025 15:01:31)	 (Not Inserted)
2 ,33 , AGP CGD , C , 1 , 1 , 25/01/2021 00:00:00, 	(21-FEB-2025 15:01:31)	 (Not Inserted)
2 ,34 , MINDA , C , 2 , 1 , 29/01/2021 00:00:00, 	(21-FEB-2025 15:01:31)	 (Not Inserted)
2 ,34 , MINDA , C , 2 , 3 , 29/01/2021 00:00:00, 	(21-FEB-2025 15:01:31)	 (Not Inserted)
2 ,34 , MINDA , C , 1 , 1 , 29/01/2021 00:00:00, 	(21-FEB-2025 15:01:31)	 (Not Inserted)
2 ,238 , LEIPL , C , 1 , 1 , 04/11/2020 00:00:00, 	(21-FEB-2025 15:01:31)	 (Not Inserted)
2 ,35 , SCHOTT , C , 1 , 1 , 24/02/2020 00:00:00, 	(21-FEB-2025 15:01:31)	 (Not Inserted)
2 ,36 , HIL , C , 4 , 3 , 01/01/2021 00:00:00, 	(21-FEB-2025 15:01:31)	 (Not Inserted)
2 ,36 , HIL , C , 3 , 1 , 01/01/2021 00:00:00, 	(21-FEB-2025 15:01:31)	 (Not Inserted)
2 ,36 , HIL , C , 2 , 1 , 01/01/2021 00:00:00, 	(21-FEB-2025 15:01:31)	 (Not Inserted)
2 ,36 , HIL , C , 1 , 1 , 01/01/2021 00:00:00, 	(21-FEB-2025 15:01:31)	 (Not Inserted)
2 ,37 , HCGD-B , C , 1 , 1 , 01/04/2021 00:00:00, 	(21-FEB-2025 15:01:31)	 (Not Inserted)
2 ,198 , BIPL , C , 2 , 1 , 21/07/2020 00:00:00, 	(21-FEB-2025 15:01:31)	 (Not Inserted)
2 ,198 , BIPL , C , 1 , 1 , 21/07/2020 00:00:00, 	(21-FEB-2025 15:01:31)	 (Not Inserted)
2 ,220 , EXXARO , C , 1 , 1 , 23/06/2021 00:00:00, 	(21-FEB-2025 15:01:31)	 (Not Inserted)
2 ,38 , KAJARIA , C , 2 , 3 , 30/11/2020 00:00:00, 	(21-FEB-2025 15:01:31)	 (Not Inserted)
2 ,38 , KAJARIA , C , 1 , 1 , 30/11/2020 00:00:00, 	(21-FEB-2025 15:01:31)	 (Not Inserted)
2 ,39 , SISECAM , C , 1 , 1 , 09/06/2021 00:00:00, 	(21-FEB-2025 15:01:31)	 (Not Inserted)
2 ,39 , SISECAM , C , 1 , 1 , 09/06/2021 00:00:00, 	(21-FEB-2025 15:01:31)	 (Not Inserted)
2 ,40 , ATPL , C , 2 , 3 , 17/12/2020 00:00:00, 	(21-FEB-2025 15:01:31)	 (Not Inserted)
2 ,40 , ATPL , C , 1 , 1 , 17/12/2020 00:00:00, 	(21-FEB-2025 15:01:31)	 (Not Inserted)
2 ,41 , OPAL , C , 1 , 3 , 28/07/2021 00:00:00, 	(21-FEB-2025 15:01:31)	 (Not Inserted)
2 ,41 , OPAL , C , 1 , 1 , 28/07/2021 00:00:00, 	(21-FEB-2025 15:01:31)	 (Not Inserted)
2 ,41 , OPAL , C , 1 , 1 , 28/07/2021 00:00:00, 	(21-FEB-2025 15:01:31)	 (Not Inserted)
2 ,234 , JKPAPER , C , 1 , 1 , 02/08/2021 00:00:00, 	(21-FEB-2025 15:01:31)	 (Not Inserted)
2 ,263 , STL , C , 1 , 1 , 25/08/2021 00:00:00, 	(21-FEB-2025 15:01:31)	 (Not Inserted)
2 ,206 , CELLO , C , 1 , 1 , 01/12/2021 00:00:00, 	(21-FEB-2025 15:01:31)	 (Not Inserted)
2 ,42 , RCF , C , 2 , 1 , 30/12/2021 00:00:00, 	(21-FEB-2025 15:01:31)	 (Not Inserted)
2 ,42 , RCF , C , 1 , 1 , 30/12/2021 00:00:00, 	(21-FEB-2025 15:01:31)	 (Not Inserted)
2 ,42 , RCF , C , 2 , 1 , 30/12/2021 00:00:00, 	(21-FEB-2025 15:01:31)	 (Not Inserted)
2 ,42 , RCF , C , 1 , 3 , 30/12/2021 00:00:00, 	(21-FEB-2025 15:01:31)	 (Not Inserted)
2 ,42 , RCF , C , 2 , 3 , 30/12/2021 00:00:00, 	(21-FEB-2025 15:01:31)	 (Not Inserted)
2 ,201 , BWRL , C , 1 , 1 , 25/01/2022 00:00:00, 	(21-FEB-2025 15:01:31)	 (Not Inserted)
2 ,276 , VIRGO , C , 1 , 1 , 12/02/2022 00:00:00, 	(21-FEB-2025 15:01:31)	 (Not Inserted)
2 ,223 , GIPSKARTON , C , 1 , 1 , 24/03/2022 00:00:00, 	(21-FEB-2025 15:01:31)	 (Not Inserted)
2 ,46 , TGLPL , C , 2 , 1 , 29/04/2022 00:00:00, 	(21-FEB-2025 15:01:31)	 (Not Inserted)
2 ,46 , TGLPL , C , 1 , 1 , 29/04/2022 00:00:00, 	(21-FEB-2025 15:01:31)	 (Not Inserted)
2 ,47 , TGBPL , C , 1 , 1 , 29/04/2022 00:00:00, 	(21-FEB-2025 15:01:31)	 (Not Inserted)
2 ,47 , TGBPL , C , 2 , 1 , 29/04/2022 00:00:00, 	(21-FEB-2025 15:01:31)	 (Not Inserted)
2 ,48 , BGEPL , C , 1 , 1 , 29/04/2022 00:00:00, 	(21-FEB-2025 15:01:31)	 (Not Inserted)
2 ,231 , IMCL , C , 1 , 1 , 12/05/2022 00:00:00, 	(21-FEB-2025 15:01:31)	 (Not Inserted)
2 ,49 , VVF India , C , 1 , 1 , 14/05/2022 00:00:00, 	(21-FEB-2025 15:01:31)	 (Not Inserted)
2 ,50 , GNFC , C , 2 , 3 , 24/05/2022 00:00:00, 	(21-FEB-2025 15:01:31)	 (Not Inserted)
2 ,50 , GNFC , C , 1 , 1 , 24/05/2022 00:00:00, 	(21-FEB-2025 15:01:31)	 (Not Inserted)
2 ,50 , GNFC , C , 2 , 1 , 24/05/2022 00:00:00, 	(21-FEB-2025 15:01:31)	 (Not Inserted)
2 ,140 , MEGHHQX , C , 1 , 1 , 02/06/2022 00:00:00, 	(21-FEB-2025 15:01:31)	 (Not Inserted)
2 ,52 , GLIL , C , 1 , 1 , 07/06/2022 00:00:00, 	(21-FEB-2025 15:01:31)	 (Not Inserted)
2 ,52 , GLIL , C , 2 , 1 , 07/06/2022 00:00:00, 	(21-FEB-2025 15:01:31)	 (Not Inserted)
2 ,52 , GLIL , C , 3 , 1 , 07/06/2022 00:00:00, 	(21-FEB-2025 15:01:31)	 (Not Inserted)
2 ,52 , GLIL , C , 7 , 3 , 07/06/2022 00:00:00, 	(21-FEB-2025 15:01:31)	 (Not Inserted)
2 ,52 , GLIL , C , 5 , 3 , 07/06/2022 00:00:00, 	(21-FEB-2025 15:01:31)	 (Not Inserted)
2 ,52 , GLIL , C , 6 , 3 , 07/06/2022 00:00:00, 	(21-FEB-2025 15:01:31)	 (Not Inserted)
2 ,52 , GLIL , C , 4 , 1 , 07/06/2022 00:00:00, 	(21-FEB-2025 15:01:31)	 (Not Inserted)
2 ,255 , SGI-AP , C , 1 , 1 , 27/06/2022 00:00:00, 	(21-FEB-2025 15:01:31)	 (Not Inserted)
2 ,117 , PEPL , C , 2 , 1 , 13/07/2022 00:00:00, 	(21-FEB-2025 15:01:31)	 (Not Inserted)
2 ,117 , PEPL , C , 1 , 1 , 13/07/2022 00:00:00, 	(21-FEB-2025 15:01:31)	 (Not Inserted)
2 ,54 , GFCL , C , 2 , 1 , 14/07/2022 00:00:00, 	(21-FEB-2025 15:01:31)	 (Not Inserted)
2 ,54 , GFCL , C , 1 , 1 , 14/07/2022 00:00:00, 	(21-FEB-2025 15:01:31)	 (Not Inserted)
2 ,55 , CPL , C , 1 , 3 , 16/08/2022 00:00:00, 	(21-FEB-2025 15:01:31)	 (Not Inserted)
2 ,56 , IRM , C , 1 , 1 , 24/08/2022 00:00:00, 	(21-FEB-2025 15:01:31)	 (Not Inserted)
2 ,57 , PPL , C , 1 , 1 , 26/08/2022 00:00:00, 	(21-FEB-2025 15:01:31)	 (Not Inserted)
2 ,57 , PPL , C , 1 , 3 , 26/08/2022 00:00:00, 	(21-FEB-2025 15:01:31)	 (Not Inserted)
2 ,58 , YARALTD , C , 1 , 3 , 06/09/2022 00:00:00, 	(21-FEB-2025 15:01:31)	 (Not Inserted)
2 ,58 , YARALTD , C , 1 , 1 , 06/09/2022 00:00:00, 	(21-FEB-2025 15:01:31)	 (Not Inserted)
2 ,59 , INPEROX , C , 1 , 1 , 13/09/2022 00:00:00, 	(21-FEB-2025 15:01:31)	 (Not Inserted)
2 ,60 , RAFECHL , C , 1 , 3 , 28/09/2022 00:00:00, 	(21-FEB-2025 15:01:31)	 (Not Inserted)
2 ,208 , CNTENKA , C , 1 , 1 , 17/10/2022 00:00:00, 	(21-FEB-2025 15:01:31)	 (Not Inserted)
2 ,227 , HCGPUTE , C , 1 , 1 , 18/11/2022 00:00:00, 	(21-FEB-2025 15:01:31)	 (Not Inserted)
2 ,64 , IGSPL , C , 1 , 3 , 16/12/2022 00:00:00, 	(21-FEB-2025 15:01:31)	 (Not Inserted)
2 ,64 , IGSPL , C , 2 , 1 , 16/12/2022 00:00:00, 	(21-FEB-2025 15:01:31)	 (Not Inserted)
2 ,63 , GOAGLSF , C , 1 , 3 , 25/11/2022 00:00:00, 	(21-FEB-2025 15:01:31)	 (Not Inserted)
2 ,124 , MGRPL , C , 2 , 1 , 07/10/2022 00:00:00, 	(21-FEB-2025 15:01:31)	 (Not Inserted)
2 ,124 , MGRPL , C , 1 , 3 , 07/10/2022 00:00:00, 	(21-FEB-2025 15:01:31)	 (Not Inserted)
2 ,65 , PEFORCV , C , 1 , 3 , 08/12/2022 00:00:00, 	(21-FEB-2025 15:01:31)	 (Not Inserted)
2 ,105 , HMEL , C , 6 , 2 , 04/01/2023 00:00:00, 	(21-FEB-2025 15:01:31)	 (Not Inserted)
2 ,105 , HMEL , C , 5 , 2 , 04/01/2023 00:00:00, 	(21-FEB-2025 15:01:31)	 (Not Inserted)
2 ,105 , HMEL , C , 6 , 2 , 04/01/2023 00:00:00, 	(21-FEB-2025 15:01:31)	 (Not Inserted)
2 ,105 , HMEL , C , 1 , 1 , 04/01/2023 00:00:00, 	(21-FEB-2025 15:01:31)	 (Not Inserted)
2 ,105 , HMEL , C , 4 , 1 , 04/01/2023 00:00:00, 	(21-FEB-2025 15:01:31)	 (Not Inserted)
2 ,105 , HMEL , C , 1 , 1 , 04/01/2023 00:00:00, 	(21-FEB-2025 15:01:31)	 (Not Inserted)
2 ,105 , HMEL , C , 2 , 1 , 04/01/2023 00:00:00, 	(21-FEB-2025 15:01:31)	 (Not Inserted)
2 ,105 , HMEL , C , 3 , 3 , 04/01/2023 00:00:00, 	(21-FEB-2025 15:01:31)	 (Not Inserted)
2 ,105 , HMEL , C , 4 , 3 , 04/01/2023 00:00:00, 	(21-FEB-2025 15:01:31)	 (Not Inserted)
2 ,105 , HMEL , C , 5 , 1 , 04/01/2023 00:00:00, 	(21-FEB-2025 15:01:31)	 (Not Inserted)
2 ,104 , TASTELI , C , 1 , 1 , 30/12/2022 00:00:00, 	(21-FEB-2025 15:01:31)	 (Not Inserted)
2 ,190 , AGPCGIN , C , 2 , 1 , 09/02/2023 00:00:00, 	(21-FEB-2025 15:01:31)	 (Not Inserted)
2 ,190 , AGPCGIN , C , 1 , 1 , 09/02/2023 00:00:00, 	(21-FEB-2025 15:01:31)	 (Not Inserted)
2 ,158 , HINDURV , C , 1 , 1 , 17/11/2022 00:00:00, 	(21-FEB-2025 15:01:31)	 (Not Inserted)
2 ,158 , HINDURV , C , 2 , 1 , 17/11/2022 00:00:00, 	(21-FEB-2025 15:01:31)	 (Not Inserted)
2 , , ESSARRM , C , 1 , 1 , 14/12/2022 00:00:00, 	(21-FEB-2025 15:01:31)	 (Not Inserted)
2 ,188 , VISHPRI , C , 1 , 1 , 14/03/2023 00:00:00, 	(21-FEB-2025 15:01:31)	 (Not Inserted)
2 , , SOMANY , C , 1 , 3 , 16/03/2023 00:00:00, 	(21-FEB-2025 15:01:31)	 (Not Inserted)
2 ,107 , IDOINVA , C , 1 , 1 , 27/01/2023 00:00:00, 	(21-FEB-2025 15:01:31)	 (Not Inserted)
2 ,67 , DCMSHRI , C , 1 , 1 , 13/12/2022 00:00:00, 	(21-FEB-2025 15:01:31)	 (Not Inserted)
2 ,167 , GOLDPFG , C , 1 , 1 , 20/04/2023 00:00:00, 	(21-FEB-2025 15:01:31)	 (Not Inserted)
2 ,277 , VIGASLD , C , 1 , 1 , 18/04/2023 00:00:00, 	(21-FEB-2025 15:01:31)	 (Not Inserted)
2 ,61 , EFSPL , C , 1 , 1 , 25/10/2022 00:00:00, 	(21-FEB-2025 15:01:31)	 (Not Inserted)
2 ,186 , VEDALTD , C , 1 , 1 , 13/04/2023 00:00:00, 	(21-FEB-2025 15:01:31)	 (Not Inserted)
2 ,186 , VEDALTD , C , 1 , 1 , 13/04/2023 00:00:00, 	(21-FEB-2025 15:01:31)	 (Not Inserted)
2 ,122 , GAILGAS , C , 2 , 1 , 01/06/2023 00:00:00, 	(21-FEB-2025 15:01:31)	 (Not Inserted)
2 ,122 , GAILGAS , C , 1 , 1 , 01/06/2023 00:00:00, 	(21-FEB-2025 15:01:31)	 (Not Inserted)
2 ,106 , RATNAGI , C , 1 , 3 , 19/01/2023 00:00:00, 	(21-FEB-2025 15:01:31)	 (Not Inserted)
2 ,106 , RATNAGI , C , 1 , 1 , 19/01/2023 00:00:00, 	(21-FEB-2025 15:01:31)	 (Not Inserted)
2 ,202 , BHOGATD , C , 2 , 1 , 03/04/2023 00:00:00, 	(21-FEB-2025 15:01:31)	 (Not Inserted)
2 ,202 , BHOGATD , C , 1 , 1 , 03/04/2023 00:00:00, 	(21-FEB-2025 15:01:31)	 (Not Inserted)
2 ,151 , KINGASP , C , 2 , 1 , 13/01/2023 00:00:00, 	(21-FEB-2025 15:01:31)	 (Not Inserted)
2 ,151 , KINGASP , C , 1 , 1 , 13/01/2023 00:00:00, 	(21-FEB-2025 15:01:31)	 (Not Inserted)
2 ,278 , SEMTEXP , C , 1 , 3 , 01/04/2023 00:00:00, 	(21-FEB-2025 15:01:31)	 (Not Inserted)
2 ,210 , COMFIND , C , 1 , 1 , 13/12/2022 00:00:00, 	(21-FEB-2025 15:01:31)	 (Not Inserted)
2 ,183 , SUMGLAS , C , 1 , 1 , 27/09/2023 00:00:00, 	(21-FEB-2025 15:01:31)	 (Not Inserted)
2 ,184 , SVTPLIN , C , 1 , 1 , 28/09/2023 00:00:00, 	(21-FEB-2025 15:01:31)	 (Not Inserted)
2 ,162 , BOROREN , C , 1 , 1 , 05/01/2023 00:00:00, 	(21-FEB-2025 15:01:31)	 (Not Inserted)
2 ,123 , AVGL , C , 1 , 1 , 20/12/2023 00:00:00, 	(21-FEB-2025 15:01:31)	 (Not Inserted)
2 ,147 , HPOIGAS , C , 1 , 1 , 14/12/2022 00:00:00, 	(21-FEB-2025 15:01:31)	 (Not Inserted)
2 ,181 , SANENER , C , 1 , 1 , 21/09/2023 00:00:00, 	(21-FEB-2025 15:01:31)	 (Not Inserted)
2 ,121 , NGPL , C , 1 , 1 , 19/01/2024 00:00:00, 	(21-FEB-2025 15:01:31)	 (Not Inserted)
2 ,119 , ROCKIND , C , 1 , 3 , 23/02/2024 00:00:00, 	(21-FEB-2025 15:01:31)	 (Not Inserted)
2 ,174 , KUTCHCL , C , 1 , 1 , 20/06/2023 00:00:00, 	(21-FEB-2025 15:01:31)	 (Not Inserted)
2 ,176 , NESTLIN , C , 1 , 3 , 10/02/2023 00:00:00, 	(21-FEB-2025 15:01:31)	 (Not Inserted)
2 ,118 , LANCOKO , C , 1 , 1 , 05/04/2024 00:00:00, 	(21-FEB-2025 15:01:31)	 (Not Inserted)
2 ,118 , LANCOKO , C , 1 , 1 , 05/04/2024 00:00:00, 	(21-FEB-2025 15:01:31)	 (Not Inserted)
2 ,144 , HINAGIL , C , 1 , 3 , 14/12/2022 00:00:00, 	(21-FEB-2025 15:01:31)	 (Not Inserted)
2 ,66 , BHEL , C , 2 , 3 , 12/12/2022 00:00:00, 	(21-FEB-2025 15:01:31)	 (Not Inserted)
2 ,66 , BHEL , C , 1 , 3 , 12/12/2022 00:00:00, 	(21-FEB-2025 15:01:31)	 (Not Inserted)
2 ,130 , CRMNDEL , C , 1 , 2 , 01/07/2024 00:00:00, 	(21-FEB-2025 15:01:31)	 (Not Inserted)
2 ,130 , CRMNDEL , C , 1 , 2 , 01/07/2024 00:00:00, 	(21-FEB-2025 15:01:31)	 (Not Inserted)
2 , , RIL-D6 , T , 1 , 1 , 01/01/2021 00:00:00, 	(21-FEB-2025 15:01:31)	 (Not Inserted)
2 , , RIL-D6 , T , 2 , 1 , 01/01/2021 00:00:00, 	(21-FEB-2025 15:01:31)	 (Not Inserted)
2 , , RIL-D6 , T , 2 , 1 , 01/01/2021 00:00:00, 	(21-FEB-2025 15:01:31)	 (Not Inserted)
2 ,43 , BP , T , 2 , 2 , 01/01/2021 00:00:00, 	(21-FEB-2025 15:01:31)	 (Not Inserted)
2 ,43 , BP , T , 2 , 2 , 01/01/2021 00:00:00, 	(21-FEB-2025 15:01:31)	 (Not Inserted)
2 ,43 , BP , T , 1 , 1 , 01/01/2021 00:00:00, 	(21-FEB-2025 15:01:31)	 (Not Inserted)
2 , , RIL-CBM , T , 4 , 1 , 25/03/2022 00:00:00, 	(21-FEB-2025 15:01:31)	 (Not Inserted)
2 , , RIL-CBM , T , 5 , 1 , 25/03/2022 00:00:00, 	(21-FEB-2025 15:01:31)	 (Not Inserted)
2 ,51 , ONGC , T , 1 , 1 , 07/06/2022 00:00:00, 	(21-FEB-2025 15:01:31)	 (Not Inserted)
2 ,20 , AMNS , T , 1 , 3 , 26/08/2006 00:00:00, 	(21-FEB-2025 15:01:31)	 (Not Inserted)
2 ,20 , AMNS , T , 2 , 2 , 26/08/2006 00:00:00, 	(21-FEB-2025 15:01:31)	 (Not Inserted)
2 ,20 , AMNS , T , 1 , 1 , 26/08/2006 00:00:00, 	(21-FEB-2025 15:01:31)	 (Not Inserted)
2 ,14 , BPCL , T , 1 , 1 , 24/07/2014 00:00:00, 	(21-FEB-2025 15:01:31)	 (Not Inserted)
2 , , SEMTPL , T , 2 , 1 , 28/07/2017 00:00:00, 	(21-FEB-2025 15:01:31)	 (Not Inserted)
2 , , SEMTPL , T , 4 , 1 , 28/07/2017 00:00:00, 	(21-FEB-2025 15:01:31)	 (Not Inserted)
2 , , SEMTPL , T , 2 , 2 , 28/07/2017 00:00:00, 	(21-FEB-2025 15:01:31)	 (Not Inserted)
2 ,124 , MGRPL , T , 1 , 1 , 07/10/2022 00:00:00, 	(21-FEB-2025 15:01:31)	 (Not Inserted)
2 ,124 , MGRPL , T , 2 , 2 , 07/10/2022 00:00:00, 	(21-FEB-2025 15:01:31)	 (Not Inserted)
2 ,61 , EFSPL , T , 1 , 1 , 25/10/2022 00:00:00, 	(21-FEB-2025 15:01:31)	 (Not Inserted)
2 ,61 , EFSPL , T , 2 , 1 , 25/10/2022 00:00:00, 	(21-FEB-2025 15:01:31)	 (Not Inserted)
2 ,211 , DIL , T , 2 , 2 , 01/01/2023 00:00:00, 	(21-FEB-2025 15:01:31)	 (Not Inserted)
2 ,159 , CAIRENH , T , 1 , 1 , 17/05/2023 00:00:00, 	(21-FEB-2025 15:01:31)	 (Not Inserted)
2 ,186 , VEDALTD , T , 1 , 1 , 13/04/2023 00:00:00, 	(21-FEB-2025 15:01:31)	 (Not Inserted)
2 ,166 , ESSAREX , T , 1 , 1 , 14/12/2022 00:00:00, 	(21-FEB-2025 15:01:31)	 (Not Inserted)
2 ,64 , IGSPL , T , 2 , 1 , 16/12/2022 00:00:00, 	(21-FEB-2025 15:01:31)	 (Not Inserted)
2 ,81 , HOECLTD , T , 1 , 1 , 14/12/2022 00:00:00, 	(21-FEB-2025 15:01:31)	 (Not Inserted)
2 ,181 , SANENER , T , 1 , 1 , 21/09/2023 00:00:00, 	(21-FEB-2025 15:01:31)	 (Not Inserted)

TOTAL DATA IN EXCEL : ,300,,,,,, 	(21-FEB-2025 15:01:31)
 

TOTAL DATA INSERTED : ,0,,,,,, 	(21-FEB-2025 15:01:31)
 

TOTAL SKIPPED DATA ,300,,,,,, 	(21-FEB-2025 15:01:31)
 
<<END>>,<<FMS_ENTITY_TAX_STRUCT_DTL>>,,,,,, 	(21-FEB-2025 15:01:31)
 

<<START>>,<<FMS_ENTITY_SERVICE_TAX_DTL>>,,,,,,, 	(21-FEB-2025 15:01:31)
 
COMPANY_CD,CD,ABBR,ENTITY,PLANT_SEQ_NO,INVOICE_TYPE,EFF_DT,BU_UNIT,TIMESTAMP
2 ,1 , RIL , C , 1 , 0 , 14/09/2008 00:00:00 , 1, 	(21-FEB-2025 15:01:31)	 (Not Inserted)
2 ,1 , RIL , C , 2 , 0 , 14/09/2008 00:00:00 , 1, 	(21-FEB-2025 15:01:31)	 (Not Inserted)
2 ,1 , RIL , C , 3 , 0 , 14/09/2008 00:00:00 , 1, 	(21-FEB-2025 15:01:31)	 (Not Inserted)
2 ,1 , RIL , C , 4 , 0 , 14/09/2008 00:00:00 , 1, 	(21-FEB-2025 15:01:31)	 (Not Inserted)
2 ,1 , RIL , C , 5 , 0 , 14/09/2008 00:00:00 , 1, 	(21-FEB-2025 15:01:31)	 (Not Inserted)
2 ,1 , RIL , C , 7 , 0 , 14/09/2008 00:00:00 , 1, 	(21-FEB-2025 15:01:31)	 (Not Inserted)
2 ,1 , RIL , C , 8 , 0 , 14/09/2008 00:00:00 , 1, 	(21-FEB-2025 15:01:31)	 (Not Inserted)
2 ,1 , RIL , C , 9 , 0 , 14/09/2008 00:00:00 , 1, 	(21-FEB-2025 15:01:31)	 (Not Inserted)
2 ,1 , RIL , C , 10 , 0 , 14/09/2008 00:00:00 , 1, 	(21-FEB-2025 15:01:31)	 (Not Inserted)
2 ,1 , RIL , C , 1 , 0 , 14/09/2008 00:00:00 , 1, 	(21-FEB-2025 15:01:31)	 (Not Inserted)
2 ,1 , RIL , C , 2 , 0 , 14/09/2008 00:00:00 , 1, 	(21-FEB-2025 15:01:31)	 (Not Inserted)
2 ,1 , RIL , C , 3 , 0 , 14/09/2008 00:00:00 , 1, 	(21-FEB-2025 15:01:31)	 (Not Inserted)
2 ,1 , RIL , C , 4 , 0 , 14/09/2008 00:00:00 , 1, 	(21-FEB-2025 15:01:31)	 (Not Inserted)
2 ,1 , RIL , C , 5 , 0 , 14/09/2008 00:00:00 , 1, 	(21-FEB-2025 15:01:31)	 (Not Inserted)
2 ,1 , RIL , C , 7 , 0 , 14/09/2008 00:00:00 , 1, 	(21-FEB-2025 15:01:31)	 (Not Inserted)
2 ,1 , RIL , C , 8 , 0 , 14/09/2008 00:00:00 , 1, 	(21-FEB-2025 15:01:31)	 (Not Inserted)
2 ,1 , RIL , C , 9 , 0 , 14/09/2008 00:00:00 , 1, 	(21-FEB-2025 15:01:31)	 (Not Inserted)
2 ,1 , RIL , C , 1 , 0 , 14/09/2008 00:00:00 , 1, 	(21-FEB-2025 15:01:31)	 (Not Inserted)
2 ,1 , RIL , C , 2 , 0 , 14/09/2008 00:00:00 , 1, 	(21-FEB-2025 15:01:31)	 (Not Inserted)
2 ,1 , RIL , C , 3 , 0 , 14/09/2008 00:00:00 , 1, 	(21-FEB-2025 15:01:31)	 (Not Inserted)
2 ,1 , RIL , C , 4 , 0 , 14/09/2008 00:00:00 , 1, 	(21-FEB-2025 15:01:31)	 (Not Inserted)
2 ,1 , RIL , C , 5 , 0 , 14/09/2008 00:00:00 , 1, 	(21-FEB-2025 15:01:31)	 (Not Inserted)
2 ,1 , RIL , C , 7 , 0 , 14/09/2008 00:00:00 , 1, 	(21-FEB-2025 15:01:31)	 (Not Inserted)
2 ,1 , RIL , C , 8 , 0 , 14/09/2008 00:00:00 , 1, 	(21-FEB-2025 15:01:31)	 (Not Inserted)
2 ,1 , RIL , C , 9 , 0 , 14/09/2008 00:00:00 , 1, 	(21-FEB-2025 15:01:31)	 (Not Inserted)
2 ,1 , RIL , C , 10 , 0 , 14/09/2008 00:00:00 , 1, 	(21-FEB-2025 15:01:31)	 (Not Inserted)
2 ,1 , RIL , C , 1 , 0 , 14/09/2008 00:00:00 , 1, 	(21-FEB-2025 15:01:31)	 (Not Inserted)
2 ,1 , RIL , C , 2 , 0 , 14/09/2008 00:00:00 , 1, 	(21-FEB-2025 15:01:31)	 (Not Inserted)
2 ,1 , RIL , C , 3 , 0 , 14/09/2008 00:00:00 , 1, 	(21-FEB-2025 15:01:31)	 (Not Inserted)
2 ,1 , RIL , C , 4 , 0 , 14/09/2008 00:00:00 , 1, 	(21-FEB-2025 15:01:31)	 (Not Inserted)
2 ,1 , RIL , C , 5 , 0 , 14/09/2008 00:00:00 , 1, 	(21-FEB-2025 15:01:31)	 (Not Inserted)
2 ,1 , RIL , C , 7 , 0 , 14/09/2008 00:00:00 , 1, 	(21-FEB-2025 15:01:31)	 (Not Inserted)
2 ,1 , RIL , C , 8 , 0 , 14/09/2008 00:00:00 , 1, 	(21-FEB-2025 15:01:31)	 (Not Inserted)
2 ,1 , RIL , C , 9 , 0 , 14/09/2008 00:00:00 , 1, 	(21-FEB-2025 15:01:31)	 (Not Inserted)
2 ,1 , RIL , C , 10 , 0 , 14/09/2008 00:00:00 , 1, 	(21-FEB-2025 15:01:31)	 (Not Inserted)
2 ,1 , RIL , C , 11 , 0 , 14/09/2008 00:00:00 , 1, 	(21-FEB-2025 15:01:31)	 (Not Inserted)
2 ,1 , RIL , C , 12 , 0 , 14/09/2008 00:00:00 , 1, 	(21-FEB-2025 15:01:31)	 (Not Inserted)
2 ,1 , RIL , C , 13 , 0 , 14/09/2008 00:00:00 , 1, 	(21-FEB-2025 15:01:31)	 (Not Inserted)
2 ,1 , RIL , C , 14 , 0 , 14/09/2008 00:00:00 , 1, 	(21-FEB-2025 15:01:31)	 (Not Inserted)
2 ,1 , RIL , C , 2 , 0 , 14/09/2008 00:00:00 , 1, 	(21-FEB-2025 15:01:31)	 (Not Inserted)
2 ,1 , RIL , C , 3 , 0 , 14/09/2008 00:00:00 , 1, 	(21-FEB-2025 15:01:31)	 (Not Inserted)
2 ,1 , RIL , C , 4 , 0 , 14/09/2008 00:00:00 , 1, 	(21-FEB-2025 15:01:31)	 (Not Inserted)
2 ,1 , RIL , C , 1 , 0 , 14/09/2008 00:00:00 , 1, 	(21-FEB-2025 15:01:31)	 (Not Inserted)
2 ,1 , RIL , C , 5 , 0 , 14/09/2008 00:00:00 , 1, 	(21-FEB-2025 15:01:31)	 (Not Inserted)
2 ,1 , RIL , C , 7 , 0 , 14/09/2008 00:00:00 , 1, 	(21-FEB-2025 15:01:31)	 (Not Inserted)
2 ,1 , RIL , C , 8 , 0 , 14/09/2008 00:00:00 , 1, 	(21-FEB-2025 15:01:31)	 (Not Inserted)
2 ,1 , RIL , C , 9 , 0 , 14/09/2008 00:00:00 , 1, 	(21-FEB-2025 15:01:31)	 (Not Inserted)
2 ,1 , RIL , C , 10 , 0 , 14/09/2008 00:00:00 , 1, 	(21-FEB-2025 15:01:31)	 (Not Inserted)
2 ,3 , GSPCL , C , 1 , 0 , 24/03/2005 00:00:00 , 1, 	(21-FEB-2025 15:01:31)	 (Not Inserted)
2 ,3 , GSPCL , C , 1 , 0 , 24/03/2005 00:00:00 , 1, 	(21-FEB-2025 15:01:31)	 (Not Inserted)
2 ,3 , GSPCL , C , 1 , 0 , 24/03/2005 00:00:00 , 1, 	(21-FEB-2025 15:01:31)	 (Not Inserted)
2 ,3 , GSPCL , C , 1 , 0 , 24/03/2005 00:00:00 , 1, 	(21-FEB-2025 15:01:31)	 (Not Inserted)
2 ,3 , GSPCL , C , 1 , 0 , 24/03/2005 00:00:00 , 1, 	(21-FEB-2025 15:01:31)	 (Not Inserted)
2 ,4 , Gail , C , 1 , 0 , 08/03/2007 00:00:00 , 1, 	(21-FEB-2025 15:01:31)	 (Not Inserted)
2 ,4 , Gail , C , 1 , 0 , 08/03/2007 00:00:00 , 1, 	(21-FEB-2025 15:01:31)	 (Not Inserted)
2 ,4 , Gail , C , 1 , 0 , 08/03/2007 00:00:00 , 1, 	(21-FEB-2025 15:01:31)	 (Not Inserted)
2 ,4 , Gail , C , 5 , 0 , 08/03/2007 00:00:00 , 1, 	(21-FEB-2025 15:01:31)	 (Not Inserted)
2 ,4 , Gail , C , 1 , 0 , 08/03/2007 00:00:00 , 1, 	(21-FEB-2025 15:01:31)	 (Not Inserted)
2 ,4 , Gail , C , 6 , 0 , 08/03/2007 00:00:00 , 1, 	(21-FEB-2025 15:01:31)	 (Not Inserted)
2 ,4 , Gail , C , 1 , 0 , 08/03/2007 00:00:00 , 1, 	(21-FEB-2025 15:01:31)	 (Not Inserted)
2 ,11 , TPL , C , 1 , 0 , 04/08/2012 00:00:00 , 1, 	(21-FEB-2025 15:01:31)	 (Not Inserted)
2 ,11 , TPL , C , 2 , 0 , 04/08/2012 00:00:00 , 1, 	(21-FEB-2025 15:01:31)	 (Not Inserted)
2 ,11 , TPL , C , 1 , 0 , 04/08/2012 00:00:00 , 1, 	(21-FEB-2025 15:01:31)	 (Not Inserted)
2 ,11 , TPL , C , 2 , 0 , 04/08/2012 00:00:00 , 1, 	(21-FEB-2025 15:01:31)	 (Not Inserted)
2 ,11 , TPL , C , 1 , 0 , 04/08/2012 00:00:00 , 1, 	(21-FEB-2025 15:01:31)	 (Not Inserted)
2 ,11 , TPL , C , 1 , 0 , 04/08/2012 00:00:00 , 1, 	(21-FEB-2025 15:01:31)	 (Not Inserted)
2 ,11 , TPL , C , 1 , 0 , 04/08/2012 00:00:00 , 1, 	(21-FEB-2025 15:01:31)	 (Not Inserted)
2 ,11 , TPL , C , 2 , 0 , 04/08/2012 00:00:00 , 1, 	(21-FEB-2025 15:01:31)	 (Not Inserted)
2 ,11 , TPL , C , 2 , 0 , 04/08/2012 00:00:00 , 1, 	(21-FEB-2025 15:01:31)	 (Not Inserted)
2 ,11 , TPL , C , 2 , 0 , 04/08/2012 00:00:00 , 1, 	(21-FEB-2025 15:01:31)	 (Not Inserted)
2 ,15 , HPCL , C , 2 , 0 , 17/11/2010 00:00:00 , 1, 	(21-FEB-2025 15:01:31)	 (Not Inserted)
2 ,15 , HPCL , C , 1 , 0 , 17/11/2010 00:00:00 , 1, 	(21-FEB-2025 15:01:31)	 (Not Inserted)
2 ,20 , AMNS , C , 1 , 0 , 26/08/2006 00:00:00 , 1, 	(21-FEB-2025 15:01:31)	 (Not Inserted)
2 , , ESIL , C , 1 , 0 , 26/08/2006 00:00:00 , 1, 	(21-FEB-2025 15:01:31)	 (Not Inserted)
2 ,20 , AMNS , C , 1 , 0 , 26/08/2006 00:00:00 , 1, 	(21-FEB-2025 15:01:31)	 (Not Inserted)
2 , , SEMTPL , C , 2 , 0 , 28/07/2017 00:00:00 , 1, 	(21-FEB-2025 15:01:31)	 (Not Inserted)
2 ,20 , AMNS , C , 1 , ST , 26/08/2006 00:00:00 , 1, 	(21-FEB-2025 15:01:31)	 (Not Inserted)
2 ,20 , AMNS , C , 1 , LP , 26/08/2006 00:00:00 , 1, 	(21-FEB-2025 15:01:31)	 (Not Inserted)
2 ,20 , AMNS , C , 1 , UG , 26/08/2006 00:00:00 , 1, 	(21-FEB-2025 15:01:31)	 (Not Inserted)
2 ,20 , AMNS , C , 1 , LP , 26/08/2006 00:00:00 , 1, 	(21-FEB-2025 15:01:31)	 (Not Inserted)

TOTAL DATA IN EXCEL : ,80,,,,,,, 	(21-FEB-2025 15:01:31)
 

TOTAL DATA INSERTED : ,0,,,,,,, 	(21-FEB-2025 15:01:31)
 

TOTAL SKIPPED DATA ,80,,,,,,, 	(21-FEB-2025 15:01:31)
 
<<END>>,<<FMS_ENTITY_SERVICE_TAX_DTL>>,,,,,,, 	(21-FEB-2025 15:01:31)
 

<<START>>,<<FMS_ENTITY_BU_SVC_TAX_DTL>>,,,,,,, 	(21-FEB-2025 15:01:31)
 
COMPANY_CD,CD,ABBR,ENTITY,PLANT_SEQ_NO,INVOICE_TYPE,BU_UNIT,EFF_DT,TIMESTAMP
2 , , JMB , H , 1 , 0 , 1 , 09/12/2010 00:00:00, 	(21-FEB-2025 15:01:31)	 (Not Inserted)
2 , , JMB , H , 1 , 0 , 1 , 09/12/2010 00:00:00, 	(21-FEB-2025 15:01:31)	 (Not Inserted)
2 , , BOXCO , H , 1 , 0 , 1 , 03/09/2014 00:00:00, 	(21-FEB-2025 15:01:31)	 (Not Inserted)
2 ,232 , JBB , S , 1 , 0 , 1 , 15/11/2010 00:00:00, 	(21-FEB-2025 15:01:31)	 (Not Inserted)
2 ,232 , JBB , S , 1 , 0 , 1 , 15/11/2010 00:00:00, 	(21-FEB-2025 15:01:31)	 (Not Inserted)
2 ,232 , JBB , S , 1 , 0 , 1 , 22/05/2012 00:00:00, 	(21-FEB-2025 15:01:31)	 (Not Inserted)
2 ,264 , SSAPL , S , 1 , 0 , 1 , 26/04/2013 00:00:00, 	(21-FEB-2025 15:01:31)	 (Not Inserted)
2 ,265 , SLPL , H , 1 , 0 , 1 , 24/06/2016 00:00:00, 	(21-FEB-2025 15:01:31)	 (Not Inserted)

TOTAL DATA IN EXCEL : ,8,,,,,,, 	(21-FEB-2025 15:01:31)
 

TOTAL DATA INSERTED : ,0,,,,,,, 	(21-FEB-2025 15:01:31)
 

TOTAL SKIPPED DATA ,8,,,,,,, 	(21-FEB-2025 15:01:31)
 
<<END>>,<<FMS_ENTITY_BU_SVC_TAX_DTL>>,,,,,,, 	(21-FEB-2025 15:01:31)
 

<<START>>,<<FMS_CUSTOM_TAX_STRUCT_DTL>>,,, 	(21-FEB-2025 15:01:31)
 
COMPANY_CD,TAX_STRUCT_CD,TAX_STRUCT_DTL,EFF_DT,TIMESTAMP
2 , ,  , 09/07/2004 00:00:00, 	(21-FEB-2025 15:01:31)	 (Not Inserted)
2 , ,  , 01/03/2007 00:00:00, 	(21-FEB-2025 15:01:31)	 (Not Inserted)
2 , ,  , 02/02/2018 00:00:00, 	(21-FEB-2025 15:01:31)	 (Not Inserted)

TOTAL DATA IN EXCEL : ,3,,, 	(21-FEB-2025 15:01:31)
 

TOTAL DATA INSERTED : ,0,,, 	(21-FEB-2025 15:01:31)
 

TOTAL SKIPPED DATA ,3,,, 	(21-FEB-2025 15:01:31)
 
<<END>>,<<FMS_CUSTOM_TAX_STRUCT_DTL>>,,, 	(21-FEB-2025 15:01:31)
 

<<START>>,<<FMS_HOLIDAY_DTL>>, 	(21-FEB-2025 15:01:31)
 
HOLIDAY_DT,HOLIDAY_NM,TIMESTAMP,
16/02/2025 00:00:00 , SUNDAY, 	(21-FEB-2025 15:01:31)
**********AutomationEMS Error  (21-FEB-2025 15:01:31) **********
java.sql.SQLIntegrityConstraintViolationException: ORA-01400: cannot insert NULL into ("EMS"."FMS_HOLIDAY_DTL"."STATE_TIN")


com.etrm.fms.migration.Master_SEIPL_Data_Reader.FMS_HOLIDAY_DTL(Master_SEIPL_Data_Reader.java:6696)
com.etrm.fms.migration.Master_SEIPL_Data_Reader.init(Master_SEIPL_Data_Reader.java:233)
**************************************************

<<FUNCTION FMS_HOLIDAY_DTL() ENDED WITH ERRORS>>
